20
14
0 14 10 98 146 48 97 181 64 159 142 128 178 0
12
0 88 110 193 190 160 95 39 29 47 5 0
12
0 179 143 153 46 126 135 58 114 134 180 0
12
0 13 96 93 40 11 73 111 198 115 164 0
12
0 67 156 22 26 24 108 177 82 80 124 0
12
0 76 74 43 21 25 197 127 155 152 139 0
12
0 163 4 7 30 36 38 130 57 109 104 0
12
0 2 77 132 158 69 161 174 121 60 45 0
12
0 129 1 35 41 105 119 15 188 191 75 0
12
0 63 99 32 33 85 151 186 101 150 37 0
12
0 9 6 100 171 19 16 175 92 113 176 0
12
0 79 116 192 78 122 106 89 199 148 112 0
12
0 118 86 20 183 140 173 44 28 18 133 0
12
0 141 157 170 62 137 107 31 52 87 51 0
12
0 189 91 184 136 34 168 90 196 12 8 0
12
0 71 195 147 72 138 167 103 166 120 61 0
12
0 102 59 66 144 3 182 81 68 131 42 0
12
0 84 200 169 55 94 145 65 194 125 123 0
12
0 165 56 54 23 172 149 187 49 27 17 0
10
0 53 83 117 70 50 154 162 185 0
