50
15
0 197 187 320 321 325 313 323 375 160 499 428 447 449 0
15
0 421 339 38 379 33 345 319 488 366 294 59 110 111 0
12
0 226 136 134 210 215 179 474 170 121 450 0
10
0 437 148 225 229 213 77 85 377 0
12
0 233 239 150 216 124 116 414 183 120 84 0
11
0 149 418 191 255 45 455 412 436 367 0
12
0 318 327 494 161 400 100 8 4 5 3 0
12
0 23 333 24 334 322 424 317 91 53 274 0
12
0 139 252 189 204 56 443 466 55 128 117 0
12
0 261 203 250 246 247 188 39 40 498 425 0
14
0 434 205 132 113 231 228 465 145 224 236 277 283 0
10
0 427 324 384 154 167 168 398 66 0
12
0 223 429 127 445 476 440 420 446 431 388 0
13
0 232 423 230 208 217 399 218 125 287 354 351 0
12
0 338 331 416 335 342 346 22 326 328 273 0
11
0 348 401 337 34 404 403 88 94 54 0
12
0 238 234 206 438 173 365 73 364 68 70 0
12
0 82 47 49 46 297 295 308 298 457 391 0
12
0 90 495 52 266 264 196 199 262 43 381 0
14
0 1 106 109 97 2 103 480 419 14 11 219 41 0
10
0 344 426 453 190 248 253 86 244 0
13
0 374 441 78 83 485 81 459 95 87 249 271 0
11
0 467 460 164 369 156 390 483 282 373 0
12
0 214 123 6 19 407 410 359 292 362 430 0
12
0 490 18 101 71 491 432 312 301 296 497 0
12
0 417 143 146 222 207 211 470 185 376 278 0
13
0 442 397 220 135 147 385 227 155 153 157 209 0
11
0 25 20 35 332 386 330 314 439 152 0
12
0 141 138 259 201 243 193 48 44 477 92 0
12
0 341 347 340 31 26 28 343 36 336 458 0
12
0 194 202 265 200 254 471 50 79 472 237 0
12
0 98 242 245 263 269 198 276 42 370 257 0
12
0 178 176 291 284 349 75 356 63 58 62 0
12
0 221 130 184 115 114 289 112 12 60 76 0
12
0 482 382 492 133 392 258 408 286 415 304 0
12
0 212 280 104 360 353 355 383 435 169 182 0
12
0 315 316 454 329 448 166 433 162 409 159 0
12
0 144 306 299 305 464 411 489 402 461 307 0
12
0 240 137 235 368 493 172 122 413 393 105 0
12
0 27 378 389 309 302 310 303 300 468 387 0
12
0 21 32 29 37 30 396 192 272 275 268 0
12
0 475 80 371 177 181 10 394 16 496 260 0
12
0 142 140 463 89 452 444 478 422 395 270 0
12
0 93 195 267 57 500 241 251 481 256 51 0
12
0 119 118 487 72 462 380 285 74 363 279 0
12
0 171 126 131 186 175 129 174 108 281 288 0
12
0 151 405 163 158 9 13 102 107 99 406 0
12
0 7 469 350 473 64 61 65 67 358 290 0
12
0 15 96 17 293 451 357 352 361 372 180 0
9
0 311 486 456 484 479 69 165 0
