20
10
0 196 35 53 73 194 23 81 191 0
13
0 43 3 104 124 45 125 39 149 135 79 93 0
13
0 33 115 46 54 42 8 147 128 89 186 60 0
15
0 52 160 40 127 59 18 116 166 63 132 153 189 199 0
12
0 69 105 144 136 138 139 161 133 106 83 0
9
0 178 164 107 80 109 25 51 0
16
0 123 26 94 15 20 12 88 110 118 190 143 82 172 141 0
12
0 62 195 152 71 64 38 103 1 50 131 0
12
0 87 4 169 100 11 5 130 162 77 78 0
12
0 101 175 67 36 198 192 91 13 111 16 0
11
0 119 120 58 85 122 76 6 37 126 0
13
0 102 96 34 28 173 188 182 167 170 174 134 0
10
0 49 140 31 145 112 200 113 70 0
10
0 176 68 150 92 66 27 157 180 0
12
0 19 65 159 129 44 197 168 137 108 30 0
12
0 97 24 183 181 29 47 10 74 142 41 0
12
0 155 184 193 179 187 48 56 14 165 171 0
13
0 75 151 17 114 22 121 99 2 156 158 21 0
11
0 55 154 32 86 98 177 57 90 9 0
12
0 163 117 72 84 185 7 146 95 148 61 0
