200
6
382 123 605 977 614 900
3
313 194 674
7
692 479 870 985 148 333 759
5
808 470 892 779 676
5
739 20 314 143 846
6
805 768 244 266 349 522
2
649 899
7
425 908 44 95 500 98 179
5
848 721 52 30 754
5
903 332 595 196 223
5
967 2 806 728 413
5
173 253 654 574 12
6
804 781 353 178 401 496
4
738 280 709 920
5
818 716 877 156 567
5
800 320 729 450 199
6
904 115 895 34 63 582
2
897 746
7
656 982 824 267 395 298 255
5
73 685 801 355 658
5
631 202 947 789 760
3
812 797 958
7
384 35 352 93 936 92 46
5
38 166 318 490 742
5
127 193 105 206 691
5
58 31 648 252 359
4
952 358 703 464
6
841 717 150 107 506 786
3
70 24 308
7
938 225 698 419 167 21 218
5
276 623 865 1 18
5
603 414 999 220 885
6
617 157 209 576 993 54
4
495 979 362 788
6
927 80 17 61 154 9
5
278 192 884 442 544
4
402 756 527 510
5
765 807 227 704 714
5
962 412 84 996 228
5
666 963 550 49 367
5
139 371 293 198 647
5
834 249 337 719 861
5
303 564 973 589 556
5
56 497 394 831 245
5
68 613 147 965 679
5
258 302 784 597 753
6
750 730 231 732 984 468
4
763 82 538 503
5
317 380 85 232 956
5
902 875 60 62 182
5
891 586 404 94 304
5
377 474 260 43 236
5
880 354 441 608 620
5
41 726 661 175 77
5
563 618 660 659 478
6
741 743 867 857 116 124
4
417 883 643 997
5
974 312 389 606 264
5
106 551 774 744 693
5
271 566 467 315 96
5
853 36 686 665 499
5
310 204 663 22 423
5
140 411 678 321 101
6
810 294 933 146 25 215
4
770 164 849 72
5
959 828 731 381 534
5
160 639 951 448 646
5
675 562 642 240 561
5
878 636 351 778 129
5
517 90 248 581 862
5
780 26 158 309 690
5
427 269 745 822 879
5
518 775 299 611 78
5
769 256 978 787 948
5
972 14 451 433 886
5
306 689 161 295 866
5
329 640 28 50 476
5
345 341 488 645 357
5
537 347 889 772 446
5
396 757 13 634 6
5
598 112 767 229 626
5
630 593 829 662 254
5
270 136 995 399 372
5
940 330 410 33 289
3
673 907 286
7
711 735 629 792 921 159 486
6
100 67 283 83 776 740
4
162 526 815 235
5
543 713 214 783 494
5
272 825 356 863 633
5
447 203 481 170 928
5
855 596 141 455 981
6
57 366 53 234 133 762
4
379 560 456 118
5
588 573 823 392 961
5
621 894 521 710 975
5
461 557 813 960 8
5
420 541 135 155 796
6
946 369 917 452 696 706
4
263 316 398 336
5
460 847 773 134 19
5
32 11 76 217 69
5
432 443 736 644 29
5
108 575 71 747 844
5
723 677 226 484 3
5
64 627 277 702 718
5
296 817 323 761 628
5
637 110 436 712 536
5
910 473 842 322 422
5
916 590 23 667 97
5
509 334 189 114 370
5
699 117 569 918 942
5
361 604 989 641 764
5
827 458 531 406 491
3
869 830 725
7
137 297 941 191 350 502 284
6
190 682 407 694 453 555
4
16 943 970 652
5
165 242 592 440 707
5
177 230 798 376 437
5
580 301 307 906 998
5
983 51 132 327 860
5
40 257 222 991 559
5
444 966 75 587 81
5
552 888 208 935 579
5
340 955 325 463 174
5
843 715 542 905 549
5
968 142 532 795 184
5
281 122 207 221 475
5
737 986 373 482 279
5
328 913 181 393 610
5
87 151 472 925 964
5
837 734 171 683 291
5
429 969 615 893 187
6
434 74 922 55 400 416
4
547 378 994 944
5
612 901 915 599 168
5
852 782 326 516 88
5
418 971 929 10 882
5
86 816 445 186 103
5
932 4 200 833 238
5
348 185 431 172 926
5
809 66 288 176 987
5
282 845 790 408 748
5
872 465 104 785 212
5
45 42 607 390 680
6
237 216 405 180 65 365
4
247 438 210 909
5
619 854 130 914 923
5
632 387 533 459 724
5
638 331 386 799 896
5
819 138 856 668 241
5
835 976 653 558 890
5
430 957 766 594 346
5
570 335 793 219 120
5
546 601 520 415 197
5
152 625 265 535 480
5
949 851 439 758 657
5
383 7 733 577 568
5
449 727 945 5 864
5
749 720 426 705 27
5
224 664 385 477 15
5
374 519 681 111 195
5
388 113 153 545 771
5
670 109 672 492 498
5
820 572 584 988 751
5
874 424 483 530 791
5
548 514 125 635 251
5
684 48 624 524 811
5
274 700 794 840 565
5
368 91 912 102 128
5
507 873 505 953 508
5
990 188 513 554 145
6
149 363 609 832 701 803
4
163 243 403 205
5
409 338 342 290 539
5
39 305 273 992 487
5
311 250 246 881 493
5
697 836 924 591 777
6
911 669 300 868 826 287
5
937 511 1000 119 275
5
504 954 364 471 397
4
950 319 722 919
5
37 980 268 515 939
5
571 839 126 930 469
5
343 540 428 360 262
5
859 285 858 466 131
5
59 169 211 687 876
5
239 553 528 213 47
5
752 622 233 485 688
5
391 578 183 462 512
5
529 79 523 616 144
3
755 344 89
7
838 501 421 259 525 708 292
5
934 583 99 121 600
5
671 931 201 324 695
5
454 651 814 585 655
5
339 821 489 650 887
5
457 850 375 871 261
4
602 898 802 435
