35
25
0 437 664 696 463 651 208 294 481 478 83 171 98 290 396 576 533 135 133 79 67 144 473 475 0
22
0 700 510 288 612 455 499 693 491 427 303 262 243 12 5 673 19 245 553 16 13 0
22
0 286 448 328 267 590 326 304 36 29 195 640 516 540 555 381 587 567 379 185 104 0
22
0 398 407 387 193 106 90 577 482 196 198 633 621 380 629 111 74 115 122 120 529 0
22
0 416 132 281 596 617 49 28 46 443 346 215 232 236 218 75 123 487 593 663 599 0
22
0 337 486 295 404 34 48 52 45 51 224 238 239 324 697 146 313 536 479 298 623 0
22
0 650 206 301 517 154 148 408 151 164 102 312 325 468 178 644 88 184 162 94 103 0
22
0 363 333 669 293 494 309 361 508 318 676 657 588 8 543 626 11 14 10 496 23 0
22
0 411 677 64 129 692 534 498 525 403 385 574 352 63 62 287 61 658 214 220 229 0
22
0 283 550 511 377 200 191 446 426 611 625 690 518 512 355 319 108 505 181 539 321 0
22
0 524 316 546 412 391 158 147 152 284 681 376 513 317 76 297 561 117 109 55 126 0
22
0 22 653 18 256 584 418 389 183 582 180 296 165 364 451 545 410 150 156 357 359 0
22
0 351 470 581 268 175 489 278 335 436 683 488 255 541 249 264 257 6 460 305 425 0
22
0 462 558 522 628 618 639 474 32 47 50 33 397 578 96 95 173 695 549 189 209 0
22
0 547 417 307 26 7 353 261 369 514 654 166 485 660 435 143 602 569 81 237 532 0
23
0 134 121 415 127 438 444 273 454 235 231 216 227 225 548 648 609 308 409 466 667 465 0
21
0 420 471 598 556 20 17 442 242 661 247 1 434 349 469 689 299 604 597 384 0
22
0 515 405 528 142 563 270 334 274 338 461 665 636 519 266 406 490 456 124 589 56 0
22
0 652 421 647 674 559 613 155 145 149 544 320 500 641 188 302 204 205 190 201 89 0
22
0 401 699 251 259 339 614 265 526 222 221 573 386 452 502 682 358 139 141 159 160 0
22
0 554 616 608 531 601 343 365 382 671 170 105 93 174 445 329 279 668 24 428 252 0
22
0 368 440 679 327 366 635 572 678 234 399 223 344 610 66 579 114 58 72 118 69 0
22
0 615 192 212 291 422 630 372 87 99 97 177 168 277 323 564 634 207 210 642 179 0
22
0 504 340 483 161 157 433 140 137 136 537 71 685 592 354 645 65 583 78 59 80 0
22
0 276 378 643 25 424 4 472 253 332 263 21 2 441 480 453 362 395 686 244 624 0
22
0 666 655 356 350 662 230 400 414 43 38 371 429 687 30 39 54 35 31 37 413 0
22
0 691 202 360 125 467 331 390 497 535 656 605 458 638 280 176 606 275 260 258 246 0
22
0 600 507 568 607 40 310 73 373 68 110 116 457 330 345 269 495 565 70 646 484 0
22
0 680 622 271 637 57 285 523 492 684 383 112 603 131 128 632 631 306 203 213 194 0
22
0 27 3 15 506 240 250 560 367 552 503 620 392 432 241 254 248 9 571 336 530 0
22
0 580 562 322 211 82 101 501 476 163 551 172 393 289 226 233 219 566 60 119 77 0
22
0 342 595 447 348 649 130 113 670 138 542 153 374 449 450 44 41 464 53 86 91 0
22
0 370 594 292 477 527 92 169 423 430 619 431 375 300 659 509 341 282 347 570 575 0
22
0 311 197 402 521 167 493 100 85 84 187 186 107 182 314 585 199 688 419 272 394 0
19
0 675 520 557 388 672 698 459 586 591 538 694 439 217 228 42 315 627 0
