10
27
0 47 39 70 61 132 143 89 188 127 36 21 80 159 5 63 66 158 138 137 131 195 139 68 152 199 0
23
0 191 44 197 88 94 13 72 97 184 104 20 162 3 109 150 17 76 51 153 190 90 0
23
0 19 160 128 8 38 60 136 198 29 165 166 163 123 148 194 177 185 172 54 7 176 0
22
0 157 181 30 178 102 93 99 71 31 116 122 156 113 173 134 91 27 126 161 16 0
21
0 140 53 35 52 10 56 15 1 135 124 146 115 65 171 200 81 9 78 96 0
22
0 187 41 98 193 182 147 33 79 180 133 82 151 117 179 62 48 118 108 86 46 0
22
0 167 87 75 121 92 23 183 145 186 2 25 69 170 155 101 189 12 141 103 106 0
22
0 40 192 74 34 175 120 50 58 112 107 130 105 57 84 129 111 95 18 125 11 0
23
0 73 26 6 174 142 119 110 85 100 77 32 28 37 168 55 4 24 164 14 64 154 0
15
0 149 45 83 67 196 49 169 42 59 144 43 114 22 0
