25
26
0 449 400 175 32 318 461 338 412 499 150 256 189 452 388 445 334 324 19 35 351 39 418 423 57 0
22
0 171 454 229 2 230 238 234 151 197 191 199 308 147 402 333 306 403 415 478 392 0
22
0 217 443 65 481 220 419 30 40 38 34 444 366 66 221 73 69 47 368 399 421 0
22
0 9 10 224 243 372 257 260 249 475 393 379 367 389 390 206 202 51 105 358 204 0
22
0 152 141 341 190 493 494 113 326 376 450 154 228 187 237 241 8 72 133 23 28 0
22
0 491 258 82 484 282 261 264 269 365 315 302 370 429 288 299 391 285 304 276 458 0
23
0 472 64 205 99 360 371 428 436 201 406 50 109 107 357 103 54 437 196 143 188 490 0
21
0 134 132 26 179 398 498 332 169 163 168 170 157 474 161 158 91 84 81 83 0
22
0 16 313 312 300 280 363 378 422 404 426 149 148 347 259 162 159 167 33 323 362 0
23
0 364 225 11 223 462 438 114 112 267 396 352 60 62 208 309 203 98 210 53 207 307 0
21
0 136 174 181 24 137 185 270 275 442 355 120 336 290 250 253 470 496 160 95 0
22
0 4 414 6 5 456 248 395 374 387 434 476 439 246 251 155 254 194 142 186 195 0
22
0 405 130 140 139 489 420 440 36 48 44 460 337 43 310 349 125 123 471 432 289 0
22
0 129 76 25 382 236 231 218 227 235 244 386 219 327 27 17 20 331 156 381 294 0
23
0 295 292 293 447 345 486 500 385 441 384 284 286 380 485 329 409 356 71 7 467 350 0
21
0 322 427 178 377 31 180 177 373 353 88 93 430 89 343 359 172 173 29 407 0
22
0 344 435 410 448 482 469 451 146 153 328 411 495 94 314 394 433 262 272 263 273 0
22
0 325 425 46 330 316 369 176 131 138 193 457 463 252 145 247 459 192 321 119 466 0
22
0 342 209 55 108 100 110 488 104 96 121 301 283 298 303 278 265 266 271 311 320 0
22
0 87 85 340 487 41 42 45 37 18 12 13 222 74 77 67 68 245 413 226 135 0
22
0 211 212 214 59 401 49 52 102 106 97 213 61 22 126 183 111 118 424 277 479 0
22
0 477 124 480 279 348 90 166 408 164 165 92 473 255 361 483 200 233 80 15 14 0
22
0 319 63 465 297 281 291 446 274 346 354 296 117 116 335 239 21 184 383 182 128 0
22
0 75 70 216 127 79 3 78 240 242 144 198 317 375 455 56 215 58 101 397 453 0
18
0 1 232 86 416 417 122 339 497 492 431 115 287 468 305 268 464 0
