70
11
0 601 298 275 471 338 154 505 51 21 0
17
0 340 300 251 102 498 92 111 67 35 334 568 307 115 619 559 0
10
0 383 153 664 342 533 530 550 360 0
17
0 40 493 139 443 4 142 440 650 165 490 341 163 363 376 22 0
8
0 494 262 519 103 258 187 0
15
0 220 658 313 599 420 640 105 615 319 191 667 542 68 0
12
0 572 134 237 335 273 408 663 442 42 401 0
8
0 233 545 404 264 356 661 0
12
0 492 48 2 617 626 369 311 9 234 571 0
16
0 281 125 370 221 317 28 235 500 167 555 610 620 389 179 0
12
0 641 628 561 629 196 586 60 132 331 269 0
12
0 61 695 248 655 314 135 205 170 486 223 0
10
0 698 20 37 29 73 88 676 270 0
14
0 147 478 560 566 489 87 328 398 373 18 644 538 0
12
0 236 671 143 451 511 405 324 606 508 41 0
12
0 662 292 578 573 192 659 137 86 616 378 0
12
0 608 315 483 597 583 260 359 1 612 379 0
12
0 515 43 395 131 323 577 337 653 602 74 0
12
0 126 656 84 429 17 144 525 481 444 576 0
12
0 456 138 69 294 361 598 25 345 397 226 0
12
0 136 399 265 637 421 699 692 114 3 625 0
12
0 517 677 501 514 384 79 487 47 31 675 0
8
0 394 216 570 365 210 347 0
16
0 424 685 396 271 303 266 33 46 215 468 130 504 564 97 0
12
0 430 488 433 447 386 678 241 592 590 700 0
13
0 12 417 534 243 190 563 562 145 81 99 80 0
11
0 532 491 392 600 53 336 351 166 482 0
12
0 458 524 204 148 162 474 596 674 123 180 0
12
0 593 295 536 496 247 289 374 83 208 98 0
12
0 50 605 372 635 24 321 188 159 438 589 0
12
0 680 238 151 461 679 308 173 280 688 646 0
12
0 203 312 473 636 62 518 297 293 696 333 0
12
0 439 261 290 343 177 240 565 301 65 495 0
12
0 580 553 689 10 627 19 23 120 485 38 0
12
0 552 540 691 502 551 7 309 27 463 161 0
12
0 222 95 457 146 669 623 529 520 630 480 0
12
0 91 106 152 448 464 174 638 55 413 385 0
12
0 390 618 101 255 549 582 155 63 66 140 0
11
0 110 218 263 172 575 503 202 466 454 0
13
0 282 469 231 354 283 539 230 526 36 195 158 0
12
0 668 631 660 639 325 169 415 431 406 537 0
12
0 426 574 556 296 632 651 449 643 49 633 0
12
0 57 499 339 89 470 475 410 26 472 467 0
12
0 213 607 346 604 109 427 149 407 274 587 0
12
0 326 318 523 507 207 547 245 332 198 445 0
10
0 349 212 594 118 183 32 513 422 0
14
0 171 54 249 358 72 522 306 435 232 76 256 657 0
13
0 665 506 122 416 690 567 387 352 614 78 453 0
11
0 441 287 286 329 90 670 181 299 497 0
12
0 609 367 543 613 666 182 285 588 71 288 0
12
0 548 402 414 304 93 391 652 244 403 75 0
12
0 382 428 418 531 112 185 217 366 44 279 0
12
0 116 16 59 569 622 64 544 119 272 459 0
12
0 446 584 484 648 225 85 100 462 684 96 0
12
0 219 229 411 694 348 305 437 70 224 277 0
12
0 465 15 558 160 375 58 209 527 13 150 0
13
0 124 189 129 56 250 30 436 168 253 320 512 0
11
0 509 246 176 310 554 400 156 693 184 0
12
0 516 141 371 452 591 206 412 257 228 108 0
12
0 683 541 327 477 259 186 268 380 302 211 0
12
0 362 687 344 82 528 521 419 434 121 377 0
9
0 450 535 5 197 603 39 104 0
15
0 697 254 621 11 45 133 409 353 201 113 686 284 128 0
12
0 649 175 350 364 673 355 14 267 388 645 0
12
0 199 117 178 227 595 634 579 239 682 476 0
12
0 252 432 8 423 52 291 455 242 214 193 0
12
0 127 6 611 330 672 276 393 460 107 77 0
10
0 510 357 647 581 425 200 322 381 0
10
0 546 624 479 642 94 194 368 157 0
10
0 654 278 681 34 164 316 585 557 0
