25
26
0 206 12 367 393 1 4 101 100 94 341 333 426 190 275 375 130 388 116 113 446 112 453 173 288 0
22
0 197 458 325 419 410 327 178 424 358 291 242 46 45 48 169 168 329 165 157 146 0
22
0 386 398 250 370 111 307 495 289 372 305 323 74 76 181 500 175 478 66 471 267 0
22
0 11 205 62 63 296 320 306 465 53 64 56 57 332 227 346 455 224 369 20 26 0
22
0 199 198 8 362 480 473 14 155 151 153 416 214 330 266 423 32 457 326 353 492 0
22
0 278 148 252 144 172 180 73 385 253 361 210 287 459 237 295 119 257 85 91 444 0
22
0 299 200 5 290 13 204 491 145 243 490 89 464 86 79 39 422 499 273 239 293 0
22
0 7 404 470 193 431 192 481 247 348 263 493 460 108 106 394 396 235 445 110 109 0
22
0 420 134 303 132 259 138 131 392 185 118 123 339 117 402 269 24 397 19 23 331 0
22
0 301 187 368 277 406 447 59 65 61 44 52 167 159 194 186 292 103 104 99 265 0
22
0 270 294 440 9 166 351 355 260 318 28 35 36 415 256 469 340 334 149 154 162 0
22
0 203 202 489 378 77 69 413 147 51 43 452 342 496 472 441 488 156 160 47 451 0
22
0 6 262 143 183 281 244 2 461 42 283 405 17 274 25 448 286 363 225 272 55 0
22
0 3 359 349 220 58 54 467 475 477 120 195 403 436 136 88 87 366 33 298 482 0
22
0 236 216 213 337 311 308 321 364 37 30 439 10 310 254 133 421 127 483 264 357 0
22
0 494 425 71 70 67 391 371 97 102 96 93 284 486 407 98 92 338 498 389 121 0
22
0 207 400 258 316 105 300 319 304 322 78 232 376 442 387 177 231 176 409 350 75 0
22
0 443 196 201 90 84 209 218 211 212 314 382 484 450 152 234 229 241 38 31 29 0
22
0 433 230 276 466 107 285 454 336 238 115 240 427 315 282 435 401 374 487 221 335 0
22
0 188 189 128 381 479 456 129 122 124 184 395 432 344 191 411 141 268 309 354 83 0
22
0 248 279 373 222 95 313 429 137 139 140 476 217 383 497 150 161 34 81 347 412 0
22
0 390 360 179 163 158 41 50 40 380 164 49 434 430 297 18 22 226 417 233 317 0
22
0 249 228 60 324 428 114 485 251 16 15 21 343 174 182 170 72 68 438 418 377 0
22
0 408 328 219 215 80 82 462 246 474 261 379 280 245 27 365 414 437 352 345 384 0
18
0 356 171 255 223 468 449 312 302 463 135 142 271 208 125 126 399 0
