100
10
0 382 123 313 300 739 892 779 676 0
14
0 692 479 870 985 2 800 806 728 729 320 413 990 0
11
0 674 808 470 20 314 425 846 143 877 0
13
0 805 220 865 1 18 510 92 46 936 567 318 0
15
0 649 899 781 716 804 908 52 30 654 754 83 588 417 0
9
0 721 848 173 253 280 920 709 0
15
0 738 924 267 88 516 201 395 298 255 285 678 321 262 0
8
0 967 904 115 895 193 206 0
14
0 818 952 156 166 38 841 358 631 497 760 875 756 0
14
0 218 167 21 764 641 989 737 604 234 129 286 765 0
12
0 384 746 897 202 947 495 963 979 362 788 0
12
0 582 812 958 70 685 801 658 192 884 442 0
12
0 127 684 998 307 906 873 507 113 388 400 0
11
0 797 614 551 732 231 984 106 84 885 0
13
0 352 35 438 37 431 185 359 252 341 437 503 0
9
0 464 276 703 623 402 977 605 0
11
0 666 789 93 49 367 56 317 157 576 0
16
0 583 356 863 633 211 19 12 134 934 205 342 243 548 538 0
12
0 691 34 450 199 73 278 355 31 750 223 0
12
0 717 603 742 490 414 900 419 622 219 1000 0
9
0 24 308 105 617 401 993 561 0
15
0 938 698 999 927 412 9 303 973 810 647 107 594 282 0
12
0 962 68 613 147 965 679 85 665 232 644 0
12
0 139 371 537 730 196 595 332 903 435 456 0
12
0 357 323 817 628 761 971 10 929 491 424 0
12
0 883 506 786 158 780 25 146 150 933 178 0
12
0 258 394 302 784 597 539 17 61 80 306 0
12
0 527 333 759 349 249 337 266 689 593 815 0
12
0 225 140 564 589 974 312 53 423 657 42 0
12
0 293 209 444 708 840 794 565 554 8 836 0
12
0 602 550 377 260 43 517 474 467 90 581 0
12
0 411 556 353 878 236 204 879 496 626 663 0
12
0 310 834 950 533 459 724 833 387 200 284 0
12
0 642 198 294 643 500 95 501 421 574 752 0
10
0 743 902 60 62 182 228 996 686 0
14
0 148 891 586 404 94 472 995 136 270 951 451 736 0
12
0 563 562 240 675 203 175 77 629 639 719 0
12
0 347 853 36 304 630 829 254 844 137 297 0
12
0 244 710 768 861 396 661 726 295 866 159 0
12
0 959 828 154 972 14 433 886 621 894 544 0
12
0 58 427 264 351 830 116 753 611 78 792 0
12
0 741 111 195 912 386 694 145 69 695 585 0
12
0 271 566 650 655 489 324 697 656 982 824 0
11
0 256 389 606 787 948 946 690 26 309 0
13
0 857 757 634 41 161 6 447 862 940 245 410 0
12
0 269 822 636 22 100 455 504 607 45 390 0
8
0 867 160 725 518 775 299 0
16
0 769 345 997 44 179 98 272 961 443 392 381 534 97 569 0
12
0 149 210 28 640 50 476 336 827 458 531 0
12
0 978 907 778 541 135 981 141 283 917 452 0
12
0 774 744 525 187 221 122 707 814 651 893 0
12
0 48 526 499 460 662 235 847 110 478 372 0
12
0 248 711 735 831 277 627 64 330 33 718 0
12
0 693 767 112 770 164 360 751 988 646 790 0
12
0 673 976 366 420 596 446 229 72 849 385 0
12
0 975 713 214 170 543 783 494 399 488 645 0
12
0 745 772 855 138 819 259 813 960 704 391 0
12
0 13 921 486 316 762 888 669 23 584 572 0
12
0 612 81 11 587 75 429 941 191 502 660 0
12
0 67 155 361 133 796 653 956 445 652 29 0
12
0 560 723 118 215 918 942 905 991 222 559 0
10
0 521 928 461 162 322 380 842 598 0
14
0 889 473 910 546 124 969 915 132 880 354 327 860 0
12
0 57 379 369 734 843 237 671 144 859 748 0
12
0 32 238 749 241 668 776 468 856 51 944 0
12
0 823 226 484 3 970 731 608 620 180 288 0
12
0 481 263 398 142 177 968 208 935 579 532 0
12
0 637 71 747 966 901 212 785 441 845 346 0
12
0 422 706 575 108 925 436 659 592 618 348 0
12
0 699 190 715 682 542 683 257 482 239 453 0
12
0 702 580 955 325 96 315 463 55 153 39 0
10
0 677 573 432 837 16 117 667 943 0
14
0 869 329 301 340 434 74 795 406 882 289 265 926 0
12
0 242 165 798 230 188 326 555 172 334 189 0
12
0 983 994 168 599 720 426 409 911 338 305 0
10
0 835 913 181 393 610 547 378 328 0
13
0 40 816 86 549 465 872 104 568 766 247 957 0
13
0 552 296 151 376 63 648 619 932 4 54 477 0
12
0 916 986 558 373 331 896 799 696 758 680 0
12
0 964 281 712 440 87 624 350 632 449 820 0
12
0 922 545 664 224 851 949 439 5 174 101 0
12
0 524 727 945 909 914 363 923 609 832 335 0
12
0 638 66 890 374 176 987 519 681 213 99 0
12
0 430 216 65 700 274 881 102 493 793 570 0
12
0 854 980 625 370 535 114 530 791 82 483 0
12
0 383 733 7 365 852 27 601 520 408 714 0
12
0 850 670 109 672 492 498 59 375 120 233 0
9
0 809 291 152 91 368 279 457 0
13
0 930 15 874 469 418 771 416 126 839 505 953 0
11
0 171 577 740 871 261 311 405 246 250 0
15
0 415 197 919 448 939 186 103 701 184 462 512 466 131 0
11
0 130 782 128 471 826 868 937 273 194 0
12
0 292 557 487 687 807 227 777 523 79 529 0
12
0 514 864 251 635 125 540 509 480 428 397 0
13
0 803 590 705 319 802 722 763 591 992 522 119 0
11
0 268 515 344 536 183 578 616 858 931 0
10
0 571 343 755 508 89 898 275 811 0
14
0 954 364 553 528 876 121 600 207 454 475 825 615 0
13
0 163 511 290 403 838 887 169 773 485 688 513 0
9
0 47 407 76 217 287 339 821 0
