70
14
0 587 661 195 190 184 429 212 418 167 178 421 583 0
13
0 202 486 590 205 420 414 559 503 129 581 425 0
13
0 626 307 306 489 507 520 594 463 662 335 601 0
9
0 216 188 60 660 338 96 100 0
15
0 199 597 62 106 172 170 450 562 435 112 125 340 430 0
8
0 673 555 257 120 313 305 0
13
0 55 403 385 573 517 48 151 372 250 379 513 0
11
0 493 567 532 177 76 88 557 31 271 0
12
0 574 194 189 68 682 483 375 568 50 592 0
12
0 466 452 365 634 684 522 651 208 137 380 0
12
0 56 61 66 413 292 508 280 25 275 609 0
12
0 332 381 602 207 210 63 300 394 442 153 0
12
0 319 377 323 229 234 224 227 217 409 346 0
12
0 215 647 186 185 64 193 58 287 357 256 0
12
0 558 406 105 102 97 566 99 433 675 111 0
12
0 336 538 311 487 354 459 156 347 75 500 0
12
0 655 695 284 272 86 154 147 686 155 525 0
14
0 192 182 642 82 645 560 569 564 13 524 615 15 0
12
0 197 619 390 439 457 17 238 241 431 629 0
10
0 512 91 101 330 424 613 117 115 0
12
0 445 605 273 405 27 218 528 135 130 133 0
12
0 209 600 206 514 580 588 665 410 432 343 0
12
0 541 666 698 436 339 2 506 650 510 663 0
12
0 669 29 350 358 657 455 438 342 612 546 0
12
0 646 374 408 423 164 179 333 123 124 448 0
12
0 540 165 168 388 148 157 145 146 516 586 0
12
0 498 276 35 458 221 232 387 240 245 480 0
12
0 393 454 72 533 502 689 252 258 268 518 0
12
0 519 607 70 444 485 359 334 478 549 464 0
12
0 447 637 531 534 163 412 104 687 383 484 0
12
0 491 226 314 26 428 24 671 397 140 367 0
12
0 576 652 526 699 279 28 36 270 274 527 0
12
0 67 697 295 293 53 479 294 46 664 595 0
12
0 327 368 401 570 603 5 14 16 320 542 0
12
0 191 264 255 263 259 296 302 298 325 322 0
12
0 277 161 353 160 683 678 656 688 243 373 0
12
0 71 565 303 309 356 635 142 490 577 18 0
12
0 98 93 92 674 139 585 109 126 113 114 0
12
0 440 694 10 8 3 462 402 362 589 132 0
13
0 494 685 441 515 529 599 625 499 231 233 636 0
11
0 471 285 460 261 395 475 54 548 631 0
12
0 451 181 65 604 616 649 265 39 37 260 0
12
0 203 187 316 312 308 23 222 638 544 509 0
12
0 171 173 456 266 77 21 33 34 495 496 0
12
0 183 198 416 69 59 196 344 95 174 108 0
12
0 200 539 363 87 267 51 42 291 370 349 0
12
0 176 620 94 103 591 169 118 1 11 328 0
12
0 211 621 73 262 254 43 299 301 630 547 0
12
0 624 511 523 545 382 158 407 550 150 398 0
12
0 396 481 411 681 180 175 361 680 553 134 0
12
0 700 392 654 83 80 89 74 81 162 497 0
12
0 214 399 345 223 219 378 244 249 251 242 0
12
0 627 535 667 593 32 138 389 326 668 131 0
13
0 213 572 79 617 352 648 149 536 230 474 692 0
11
0 575 417 317 618 551 116 122 537 571 0
12
0 310 20 283 269 282 369 679 85 670 643 0
12
0 579 90 78 253 38 52 290 288 297 289 0
12
0 611 608 341 644 239 355 443 530 119 121 0
12
0 315 563 144 246 247 467 12 492 446 614 0
12
0 57 201 204 552 278 22 141 504 696 658 0
12
0 107 324 488 376 400 110 691 659 633 6 0
12
0 426 437 477 554 321 47 470 419 653 404 0
12
0 281 304 337 152 84 391 49 40 44 606 0
12
0 166 578 596 449 505 472 236 384 622 543 0
12
0 610 582 360 220 677 556 632 9 415 628 0
12
0 318 641 639 501 136 465 331 225 30 159 0
12
0 366 364 228 351 453 127 561 143 640 521 0
12
0 286 598 41 45 329 676 476 473 623 584 0
12
0 693 19 235 348 248 434 427 461 469 7 0
12
0 690 672 482 4 371 468 386 237 128 422 0
