90
11
590 736 398 357 636 306 486 744 213 136 837
15
477 577 814 780 19 801 2 559 609 110 409 858 434 693 172
10
217 6 9 495 578 804 714 71 461 107
10
395 174 514 873 188 82 72 104 66 883
6
866 769 70 8 761 365
14
31 657 705 694 741 218 155 766 438 628 512 80 268 503
10
535 162 579 24 502 564 671 246 3 187
10
259 872 279 238 376 745 727 368 716 487
10
345 696 649 23 524 251 389 34 580 867
8
350 451 430 481 691 99 490 879
12
595 321 562 106 896 828 243 622 789 354 160 105
6
198 75 250 798 446 224
10
821 79 77 76 256 542 728 362 724 232
14
760 326 307 257 826 815 528 13 189 690 605 556 808 182
10
747 377 275 679 374 717 818 719 775 328
10
810 151 45 611 658 372 288 768 199 241
10
644 529 112 456 211 797 445 74 432 230
10
422 440 755 501 604 558 20 51 301 877
7
806 220 141 778 845 853 135
12
132 786 261 443 303 154 244 340 463 639 178 565
11
678 5 404 767 708 50 802 680 300 333 53
10
92 764 581 516 291 518 134 312 116 137
9
602 776 737 341 698 195 619 479 392
11
196 787 284 441 276 687 652 541 665 296 78
10
640 102 181 645 662 746 532 848 95 444
8
523 726 567 425 606 100 418 654
12
185 676 834 624 383 681 805 204 57 239 186 109
11
364 849 293 25 54 47 829 403 201 447 442
9
519 214 552 865 98 17 295 615 168
10
740 391 157 537 770 743 855 856 161 252
10
509 127 854 633 56 465 405 339 388 139
10
704 732 412 120 544 190 165 209 626 97
10
192 108 353 882 568 616 647 292 748 249
10
513 313 549 414 203 207 754 711 710 119
10
794 488 175 538 659 672 722 67 269 660
10
842 457 792 343 427 197 191 835 114 401
8
788 84 468 543 179 840 675 683
12
396 143 173 739 351 379 358 171 661 85 517 212
10
69 138 752 635 476 531 247 596 323 554
10
336 688 310 599 573 460 734 325 773 560
10
86 399 130 749 530 330 90 871 663 128
10
448 651 777 582 884 795 424 113 180 184
7
836 267 827 115 493 317 666
9
158 700 887 825 850 875 466 334 843
9
574 612 309 169 344 318 668 384 46
11
36 588 332 147 63 551 148 263 841 335 859
10
772 314 650 88 699 648 118 894 7 10
10
857 231 44 164 782 625 800 373 16 11
10
607 265 458 617 464 793 822 860 594 415
10
852 367 131 550 677 28 142 539 216 620
10
474 586 21 471 533 64 799 327 583 163
10
876 346 370 410 750 713 416 831 765 790
10
500 426 320 302 830 720 600 469 484 478
10
631 394 632 103 572 352 387 272 258 576
11
167 27 60 393 48 674 637 870 59 96 176
9
450 150 81 638 742 452 563 35 38
10
93 630 589 571 65 194 472 759 498 55
10
177 703 895 193 689 360 378 52 601 219
10
499 515 277 428 338 435 29 712 234 215
10
480 429 807 833 816 390 89 536 641 129
10
733 506 864 664 796 838 453 124 122 348
10
402 723 355 725 874 525 598 299 494 297
10
803 897 347 240 400 547 22 206 386 308
9
411 294 685 569 200 260 758 707 146
11
304 670 682 824 888 730 205 298 881 900 738
6
570 507 83 94 489 43
14
271 756 221 851 812 621 566 593 695 763 643 237 319 436
10
433 287 526 520 729 381 646 270 610 266
11
37 210 419 363 40 183 813 785 145 123 592
9
290 380 618 557 222 839 483 12 861
10
125 236 166 449 42 324 61 91 101 316
10
791 311 226 462 482 548 715 623 315 407
10
847 862 223 656 406 397 868 555 208 545
10
229 811 473 889 233 26 597 33 126 454
10
522 342 87 669 603 508 540 228 413 254
10
253 359 117 455 784 655 491 779 709 880
10
869 511 242 274 408 585 305 823 886 783
9
832 439 273 149 553 702 280 892 68
11
15 331 431 49 285 890 202 30 159 898 1
10
820 245 885 281 653 534 591 417 361 504
10
278 627 385 667 771 735 561 475 629 382
10
356 527 225 329 731 283 121 809 349 41
10
144 878 762 62 844 286 111 757 575 420
10
505 4 846 133 613 753 421 642 322 701
10
587 32 673 774 262 437 485 686 152 891
10
751 248 496 863 521 697 366 18 899 510
10
819 264 459 170 718 684 255 140 546 369
10
156 58 721 614 235 470 608 227 781 692
7
337 375 492 153 39 584 371
11
706 467 893 289 497 817 423 73 14 634 282
