50
17
0 263 37 299 43 132 77 462 163 162 166 160 385 382 456 184 0
9
0 23 11 10 47 28 443 350 0
12
0 38 29 45 41 281 255 112 118 115 277 0
14
0 3 18 136 124 58 60 55 65 308 455 292 371 0
12
0 377 147 210 198 199 206 197 196 269 110 0
10
0 17 309 100 102 471 318 150 157 0
12
0 219 189 194 175 185 193 478 307 178 353 0
12
0 393 322 327 488 250 254 335 360 464 270 0
12
0 8 225 239 345 241 491 340 479 338 429 0
12
0 26 31 300 453 369 334 214 213 388 92 0
12
0 15 6 153 155 149 148 266 433 337 370 0
13
0 416 325 101 119 107 365 280 420 347 126 419 0
13
0 359 436 278 406 98 97 86 82 94 399 450 0
10
0 34 46 50 310 287 223 226 230 0
12
0 12 13 9 16 5 246 42 354 249 362 0
12
0 25 211 284 463 475 76 202 78 88 85 0
12
0 35 48 426 109 386 216 36 40 106 156 0
12
0 261 218 204 217 355 93 313 145 146 128 0
12
0 44 111 282 405 151 445 438 490 235 227 0
12
0 1 7 469 19 297 274 271 494 431 311 0
12
0 32 418 103 215 205 209 208 437 390 320 0
12
0 343 315 314 482 487 380 492 251 498 400 0
12
0 21 2 364 302 374 181 489 191 407 480 0
12
0 51 62 52 122 114 123 179 192 460 304 0
12
0 372 139 66 289 64 61 68 484 483 379 0
12
0 430 432 120 485 244 401 253 398 351 291 0
12
0 301 468 276 356 142 135 131 141 383 339 0
12
0 33 87 80 89 79 84 81 495 454 451 0
12
0 260 252 285 396 424 474 466 415 447 201 0
12
0 411 341 477 352 259 83 95 262 99 387 0
12
0 27 39 30 4 22 14 20 24 49 378 0
12
0 317 169 171 497 288 267 243 422 440 373 0
12
0 324 53 72 104 113 461 257 414 417 448 0
12
0 336 167 458 357 129 130 397 256 173 172 0
12
0 376 328 408 273 330 449 363 392 446 403 0
12
0 290 423 476 435 366 247 421 465 176 154 0
12
0 500 240 236 224 237 242 234 222 220 232 0
12
0 427 404 361 331 228 233 358 342 74 70 0
12
0 207 203 319 264 444 57 54 56 144 127 0
12
0 161 96 395 486 346 329 409 91 90 306 0
12
0 117 168 165 279 499 245 140 125 333 133 0
12
0 67 59 452 303 394 459 221 238 375 410 0
13
0 121 384 105 381 212 200 412 187 186 195 481 0
11
0 295 467 493 305 275 108 441 367 332 0
12
0 413 272 258 116 389 158 286 265 316 298 0
12
0 434 457 152 159 170 164 439 177 183 496 0
12
0 391 368 348 180 174 472 294 293 442 344 0
12
0 428 296 229 231 402 143 326 349 69 63 0
12
0 182 190 188 473 138 137 75 470 73 71 0
10
0 323 134 248 321 268 283 425 312 0
