50
9
180 227 323 106 240 143 285 81 247
11
449 1 105 256 162 108 195 420 16 332 366
13
4 173 387 185 133 289 434 109 246 359 317 221 55
7
360 25 154 475 34 232 209
13
480 306 375 426 103 470 408 268 64 406 380 205 453
10
86 82 38 76 192 134 80 410 417 265
9
259 275 264 46 276 345 500 123 455
7
128 301 65 404 313 272 73
14
163 297 121 22 339 137 477 170 202 62 6 165 496 220
10
59 312 144 328 94 322 204 114 479 148
7
441 389 153 292 353 288 393
13
388 135 210 188 321 330 155 467 69 334 367 378 374
9
157 492 433 54 151 431 281 273 146
11
454 296 250 497 20 28 17 176 52 254 324
11
191 422 44 384 110 129 473 97 77 244 476
9
228 67 53 7 383 18 436 14 200
10
290 182 107 405 8 423 307 79 490 461
10
88 349 464 139 136 318 459 101 487 309
10
266 15 11 343 261 284 397 104 381 150
7
491 462 237 222 216 278 24
12
300 223 159 57 187 78 481 485 494 344 411 305
7
456 445 336 316 310 346 443
14
58 371 186 483 298 451 158 10 457 251 36 252 499 302
10
112 442 207 271 208 282 482 327 357 169
10
444 50 472 484 215 47 239 190 177 274
10
335 401 183 415 30 89 233 96 486 41
10
26 142 446 95 48 435 199 127 29 102
10
460 304 287 469 63 33 440 429 394 213
10
198 93 99 427 45 51 418 331 333 407
10
291 474 498 147 19 75 13 91 152 211
10
219 382 320 400 295 243 412 402 258 356
10
71 3 439 365 347 358 458 156 315 248
10
372 428 329 368 448 286 341 280 138 111
10
262 174 351 74 196 355 214 414 403 373
9
234 184 377 171 224 241 314 326 386
10
175 463 369 269 421 352 201 294 194 437
10
432 90 5 299 308 43 370 178 49 390
10
126 42 465 235 425 424 66 225 149 255
10
419 362 348 471 212 409 392 72 83 61
10
37 115 141 267 363 60 395 160 319 9
9
391 396 167 450 325 293 238 488 140
9
249 257 206 495 27 130 218 263 364
12
242 68 342 338 100 413 416 119 35 283 85 376
7
56 337 116 181 277 279 118
13
230 2 70 399 260 229 466 245 84 236 226 117 21
10
438 430 179 340 489 122 32 166 40 31
10
217 168 124 354 270 350 193 361 311 398
10
145 164 203 478 98 452 385 87 172 197
10
447 132 379 39 303 493 23 113 231 12
8
120 131 125 161 468 189 253 92
