100
10
382 313 123 674 808 470 20 892 864 343
14
692 194 739 676 779 425 846 952 101 262 462 184 512 186
10
479 870 74 640 50 28 476 629 77 175
10
805 550 362 760 258 49 367 497 249 759
10
649 831 245 410 299 260 43 581 517 474
7
985 30 754 920 709 654 115
9
781 314 143 877 567 318 92 46 936
14
848 908 52 842 744 693 112 544 762 817 323 357 488 645
8
2 806 728 800 320 729 413 895
13
3 644 381 534 970 29 652 961 272 392 456 560 907
5
253 173 280 127 904
14
804 716 818 721 738 967 958 582 406 531 458 906 307 998
7
384 899 746 631 947 202 352
9
897 35 358 156 166 38 841 464 276
14
812 312 802 23 720 327 860 749 468 776 668 241 51 132
10
797 791 334 189 503 971 929 10 972 61
10
193 199 685 801 658 192 884 442 741 349
10
206 450 157 401 223 750 31 730 196 332
6
666 789 495 979 963 602
14
34 691 576 209 647 615 221 122 945 284 909 210 502 200
10
105 73 355 533 646 230 798 761 437 252
10
308 24 614 999 977 220 865 756 1 510
11
938 698 927 419 973 589 556 732 360 103 394
9
70 278 978 389 264 423 129 286 541
10
717 623 402 919 790 408 227 704 813 960
6
742 490 414 605 18 875
14
348 359 185 431 326 555 926 832 265 172 370 535 480 625
10
603 765 527 333 266 244 861 951 451 433
10
93 56 302 784 621 886 270 593 815 847
7
703 834 337 857 719 160 639
13
225 900 684 885 84 36 996 228 679 774 737 989 641
10
412 9 551 984 231 236 878 22 663 626
10
993 561 595 903 974 269 822 204 444 137
11
140 303 564 255 298 395 267 88 516 201 421
5
617 139 371 293 537
14
518 753 661 726 161 295 866 159 486 792 921 78 862 940
9
788 566 377 467 90 711 248 735 869
12
743 867 597 116 830 271 398 827 935 628 491 809
7
613 68 147 965 182 85 106
10
902 496 879 446 855 229 72 849 164 675
12
891 417 786 506 883 643 107 150 933 274 519 987
10
411 353 347 853 768 710 14 17 80 306
10
60 772 636 351 606 948 787 690 26 158
10
562 317 240 642 178 588 44 500 95 98
8
198 810 294 769 345 146 780 25
12
959 62 304 94 404 586 154 689 829 254 844 941
9
310 725 396 757 634 13 6 481 263
11
427 673 778 420 366 83 369 283 53 234 133
10
775 203 447 611 41 995 136 378 181 968
8
232 499 665 526 162 630 48 975
12
889 598 767 770 11 297 587 75 429 81 983 880
10
251 5 54 514 538 188 438 914 923 363
10
997 837 179 823 723 118 215 569 97 376
9
100 596 135 981 455 141 155 67 745
11
309 379 946 57 976 916 604 452 399 372 478
10
214 257 222 559 991 608 620 180 111 681
10
285 678 859 321 616 982 656 8 836 69
10
322 380 32 422 235 747 110 436 592 659
10
662 896 218 167 21 764 373 45 42 607
10
461 460 71 706 590 520 168 599 354 915
11
482 390 680 288 176 700 65 216 441 785 432
9
713 543 170 783 494 453 694 1000 109
10
350 471 195 912 657 758 386 799 696 364
10
894 521 928 637 876 687 219 59 120 796
7
962 828 148 686 473 910 835
13
627 277 702 33 580 718 955 325 96 400 113 388 315
10
58 256 563 573 443 736 16 484 117 177
10
316 336 532 579 208 882 469 63 341 648
10
296 165 242 660 618 4 932 191 124 632
10
498 338 243 342 138 819 331 279 393 547
11
361 653 7 346 845 282 104 212 311 246 763
9
575 108 925 281 472 964 151 888 552
11
142 301 434 329 340 55 153 545 664 224 820
9
956 445 66 374 890 91 794 840 565
10
917 40 942 905 549 682 872 465 86 816
10
190 699 677 226 943 667 918 957 766 731
9
568 594 733 383 365 577 638 558 152
11
528 335 793 570 493 553 633 863 356 825 574
8
715 843 542 683 237 291 171 435
12
922 330 64 795 463 873 507 505 953 416 571 851
10
913 328 610 856 944 238 994 426 409 911
10
87 712 624 966 901 612 969 601 415 833
10
852 27 705 319 748 777 988 751 391 572
10
440 854 619 727 387 724 939 459 197 714
10
524 546 803 950 448 275 584 529 807 79
11
986 457 850 513 554 145 339 924 824 144 466
9
247 430 405 539 205 290 773 169 134
9
449 811 990 149 782 37 980 82 125
11
740 261 871 734 368 504 881 213 128 102 954
10
874 15 477 439 949 385 771 930 418 289
9
548 483 530 114 755 540 635 839 126
11
130 268 397 887 403 485 211 12 19 501 934
10
672 492 937 826 868 838 305 669 273 300
10
511 898 609 428 701 344 89 183 578 174
10
163 670 375 622 119 239 752 407 233 121
8
424 509 515 536 131 454 207 707
10
250 47 99 600 475 893 187 525 259 487
10
722 523 591 557 992 39 522 583 651 217
10
508 858 671 931 697 695 585 650 655 324
8
688 814 76 821 489 287 708 292
