20
13
0 196 73 61 81 23 35 43 194 90 154 98 0
14
0 125 45 104 124 106 136 138 139 161 51 166 18 0
16
0 33 3 123 26 122 178 14 137 108 56 168 197 65 182 0
8
0 69 128 186 147 89 8 0
12
0 115 54 46 42 105 144 119 101 67 36 0
15
0 39 164 107 80 109 58 162 5 130 77 68 150 78 0
13
0 191 135 149 79 140 198 31 91 192 13 41 0
10
0 87 94 15 62 102 195 152 71 0
14
0 4 185 163 117 95 84 7 146 72 53 148 160 0
13
0 20 76 100 169 11 173 28 188 167 179 177 0
11
0 120 25 133 83 113 70 180 66 27 0
11
0 175 47 10 145 142 111 151 16 75 0
13
0 85 176 92 116 59 97 110 118 190 143 82 0
12
0 6 37 1 103 38 64 174 134 170 55 0
12
0 49 74 17 114 22 141 172 153 132 63 0
12
0 126 96 34 193 131 50 86 9 32 57 0
9
0 30 157 158 88 24 183 181 0
12
0 29 12 21 156 40 127 93 44 129 159 0
11
0 19 184 155 48 187 165 171 200 112 0
9
0 121 99 199 189 2 60 52 0
