50
15
449 180 105 227 145 143 240 285 100 416 331 21 340 103 263
12
106 256 162 173 109 477 332 366 500 455 123 226
13
1 4 153 353 200 244 57 159 187 365 78 481 194
9
387 185 434 246 82 192 134 345 264
11
81 360 25 235 482 427 99 265 208 374 282
11
297 38 133 289 76 80 144 328 301 484 378
9
154 475 259 275 441 292 268 408 406
10
163 422 232 209 34 393 384 110 473 129
10
46 108 195 420 351 74 196 214 355 61
6
86 59 492 312 454 157
13
276 121 315 221 317 359 286 111 341 280 138 386 463
11
67 170 135 53 88 7 52 17 176 254 250
10
245 41 258 356 466 403 373 414 165 496
10
339 228 137 22 16 272 313 141 367 69
10
44 290 453 166 32 31 23 197 172 87
10
58 281 114 479 148 151 467 155 371 330
8
322 65 404 146 188 321 11 15
10
310 128 348 306 362 494 344 411 242 485
12
71 191 182 352 294 201 43 370 390 49 178 437
10
388 389 288 107 436 383 18 307 14 79
10
213 329 30 233 89 96 497 28 446 142
10
433 54 204 456 431 438 480 394 429 440
10
324 349 464 139 491 136 462 237 261 284
10
73 266 336 273 334 247 211 152 277 299
11
222 216 397 104 343 381 207 150 287 469 459
9
432 199 147 19 181 413 476 308 333
7
443 296 300 223 20 490 461
13
405 8 29 102 238 140 171 224 448 293 241 314 326
11
94 10 457 251 36 252 302 499 234 377 95
9
5 369 83 269 260 45 471 421 212
10
423 401 335 164 3 198 161 452 468 40
10
278 210 376 418 62 338 248 450 156 347
8
125 131 85 283 120 116 127 488
12
24 444 50 472 186 267 298 274 169 218 130 149
6
445 382 219 320 400 316
14
26 48 435 498 174 63 56 33 124 419 126 483 158 451
10
97 77 372 428 439 358 458 183 175 368
10
442 304 262 112 271 93 327 425 357 177
10
415 323 118 91 13 75 12 231 122 412
11
42 465 115 190 239 47 249 60 309 101 229
6
305 342 325 167 396 391
13
417 410 66 424 225 392 409 364 470 375 426 203 407
10
9 255 27 318 487 160 319 395 184 206
10
72 279 90 220 6 202 398 119 311 193
7
230 37 363 217 495 2 70
13
354 270 295 64 380 205 489 84 236 402 92 243 117
11
399 168 179 486 430 447 132 379 350 361 337
6
257 215 460 346 291 474
6
39 493 113 189 303 68
7
253 385 98 478 51 35 55
