50
26
0 650 936 187 494 507 290 286 291 294 302 933 642 918 612 853 597 88 341 314 336 338 342 337 326 0
22
0 611 987 107 434 778 543 553 430 219 800 174 170 927 961 872 724 686 77 102 767 0
22
0 6 186 781 322 292 645 940 721 315 340 922 963 765 599 35 420 478 945 34 239 0
22
0 679 926 467 453 458 776 770 477 658 785 798 732 126 384 402 713 403 397 946 405 0
22
0 632 516 641 13 17 519 822 520 95 678 360 917 98 784 92 796 875 100 130 701 0
23
0 804 486 475 26 487 474 214 488 236 227 234 230 229 627 253 271 275 251 870 45 351 0
21
0 530 533 524 526 11 190 182 115 367 129 114 368 904 376 669 74 84 583 993 0
22
0 636 809 188 579 566 194 195 70 22 132 109 503 929 318 321 339 343 511 513 495 0
22
0 584 896 921 199 163 166 631 792 727 138 899 793 766 635 425 846 591 563 465 990 0
22
0 920 748 839 649 316 308 328 865 750 455 489 473 492 556 683 438 445 554 621 541 0
22
0 529 957 852 514 517 660 892 952 369 874 172 169 245 815 277 716 470 462 451 603 0
22
0 731 878 49 66 273 267 200 201 37 666 634 244 352 364 359 829 861 355 52 985 0
22
0 968 831 297 287 665 818 656 657 497 301 498 499 626 609 510 512 739 695 421 418 0
24
0 738 726 413 417 415 423 476 644 160 161 909 980 894 145 730 136 135 153 789 919 361 373 0
20
0 799 20 768 15 10 3 406 407 965 779 382 372 882 378 371 73 117 75 0
22
0 618 2 708 916 525 522 820 871 844 521 5 629 4 120 86 123 860 688 408 393 0
22
0 707 856 307 811 330 304 334 333 312 653 185 42 30 580 897 168 973 976 802 960 0
22
0 930 787 164 165 173 598 619 545 549 439 552 617 58 762 944 550 539 546 548 925 0
22
0 639 869 604 703 970 422 412 429 972 812 838 490 213 217 204 211 571 460 570 471 0
22
0 557 755 864 225 243 758 268 62 999 468 461 702 25 235 711 757 877 900 544 578 0
22
0 857 562 931 821 891 867 21 719 184 847 113 91 797 910 691 577 855 39 841 202 0
22
0 704 616 643 685 718 31 630 238 252 206 623 998 859 607 207 542 442 885 585 898 0
22
0 816 780 901 593 391 394 934 971 647 7 677 807 648 747 325 791 706 146 147 142 0
22
0 534 531 518 977 830 982 110 97 710 939 589 823 254 258 55 769 890 955 914 659 0
22
0 568 69 192 90 67 119 380 370 43 232 44 218 481 746 381 600 992 700 956 858 0
22
0 457 753 737 414 705 452 962 754 176 162 771 827 456 480 38 28 484 208 893 622 0
22
0 876 828 887 108 89 819 633 264 262 278 247 756 354 366 259 191 18 440 536 436 0
22
0 813 1000 606 311 309 888 836 298 684 997 505 786 863 459 463 575 582 935 850 175 0
22
0 911 709 994 127 94 112 87 76 801 565 350 596 356 387 128 383 374 377 96 99 0
22
0 655 915 833 283 288 299 740 773 586 640 868 849 842 806 725 134 140 880 824 733 0
22
0 742 788 624 276 246 260 969 760 280 64 248 774 449 433 682 274 646 63 670 692 0
22
0 198 177 83 197 8 14 180 178 85 854 223 981 574 151 144 561 988 306 435 448 0
22
0 515 528 532 984 883 912 555 493 502 964 601 305 331 327 332 310 317 313 158 995 0
22
0 675 324 843 628 171 216 491 547 983 729 535 810 782 122 668 777 24 224 572 348 0
22
0 16 840 121 734 395 388 400 637 834 284 285 295 296 508 959 663 613 949 907 466 0
22
0 12 193 741 715 428 482 426 210 424 416 209 803 167 157 610 763 772 661 608 231 0
22
0 1 9 564 78 281 720 698 61 743 881 932 242 241 269 652 447 696 46 48 53 0
22
0 699 790 759 602 942 764 396 398 953 581 401 728 903 551 496 293 573 889 501 509 0
22
0 527 862 654 111 375 379 723 385 680 974 228 133 143 154 349 346 357 358 347 751 0
22
0 805 469 464 454 215 106 943 937 814 226 851 32 221 272 365 979 93 104 196 80 0
22
0 651 825 33 23 36 794 441 443 941 966 389 404 392 399 390 744 386 569 116 125 0
22
0 587 795 303 300 783 559 345 344 329 605 913 148 323 576 717 924 991 150 139 289 0
22
0 697 500 938 687 620 638 923 886 989 954 181 902 103 71 212 156 567 848 263 948 0
23
0 837 353 59 592 594 256 560 485 29 671 444 538 141 137 149 590 947 906 676 736 257 0
21
0 873 523 189 967 101 667 537 540 431 866 884 689 56 60 51 250 255 282 879 0
22
0 19 752 68 81 237 233 672 958 446 265 183 745 124 674 558 928 808 694 363 266 0
22
0 975 588 319 895 595 159 205 41 615 40 472 411 479 826 625 832 693 761 986 722 0
23
0 905 908 681 427 27 222 714 240 220 261 57 749 712 249 690 735 270 614 279 362 105 0
21
0 506 504 817 320 775 409 419 845 483 203 155 437 432 951 835 118 179 72 131 0
18
0 978 996 65 664 54 50 673 47 79 82 410 450 662 152 950 335 0
