10
28
0 39 84 78 74 86 166 94 85 170 45 134 31 24 33 178 76 81 119 196 72 73 79 185 160 150 191 0
22
0 146 130 83 125 63 61 66 52 65 58 155 167 192 184 7 12 16 2 5 126 0
23
0 183 158 32 41 44 51 50 36 153 139 157 57 59 113 18 34 128 21 129 194 145 0
22
0 90 156 198 154 177 174 116 13 137 15 190 112 35 48 42 164 162 124 152 176 0
21
0 96 95 80 69 75 100 71 77 70 151 171 186 117 111 110 121 106 103 55 0
23
0 132 101 82 175 189 120 131 3 127 8 107 105 109 104 114 6 140 147 123 161 173 0
21
0 88 193 180 187 181 149 143 133 135 197 148 56 62 64 200 53 68 195 26 0
22
0 136 49 37 25 27 23 30 19 28 22 168 20 159 40 179 47 38 43 46 29 0
22
0 138 97 93 87 99 91 89 98 172 118 199 141 1 9 14 4 17 115 182 54 0
16
0 169 92 188 102 11 144 163 108 67 142 165 122 60 10 0
