90
13
0 761 534 173 589 253 849 878 832 469 568 499 0
12
0 796 628 894 392 502 396 522 39 188 574 0
12
0 510 578 616 523 359 471 470 180 184 472 0
12
0 749 508 840 64 719 67 332 497 750 513 0
12
0 741 642 720 545 769 867 685 90 19 172 0
13
0 723 584 111 116 380 374 379 350 892 348 343 0
11
0 863 296 752 291 900 257 786 265 267 0
15
0 677 586 777 880 371 356 730 780 323 10 205 208 218 0
9
0 501 378 671 870 84 853 83 0
12
0 243 773 601 542 429 92 621 99 26 194 0
12
0 247 120 53 133 56 128 246 859 610 251 0
12
0 822 105 590 490 753 844 292 303 682 49 0
12
0 661 675 688 759 833 817 65 804 826 742 0
12
0 293 889 836 315 312 322 519 288 191 486 0
12
0 604 843 679 594 377 347 575 529 386 376 0
12
0 873 299 364 362 177 438 660 618 437 1 0
12
0 882 566 572 852 123 654 624 633 619 778 0
12
0 305 602 694 226 862 393 395 419 48 50 0
13
0 899 856 370 366 152 268 498 37 692 609 509 0
11
0 869 810 54 507 60 847 876 52 66 0
12
0 560 745 390 530 439 511 448 338 567 220 0
12
0 625 638 235 662 236 225 223 404 389 412 0
12
0 107 170 73 491 824 12 11 316 311 281 0
12
0 300 294 630 142 478 76 199 22 200 277 0
12
0 776 842 581 733 402 683 394 403 418 44 0
12
0 244 249 131 68 884 623 885 136 898 674 0
12
0 605 174 474 893 632 190 273 432 457 455 0
12
0 302 809 760 36 546 38 821 261 611 451 0
12
0 665 231 397 417 405 415 408 46 259 622 0
13
0 363 710 147 327 658 282 33 82 794 656 736 0
11
0 725 666 119 372 106 115 680 850 754 0
12
0 109 734 89 512 784 645 62 59 652 563 0
12
0 637 772 521 154 537 858 425 160 88 557 0
12
0 768 816 518 650 600 354 711 795 861 340 0
12
0 845 576 108 627 100 454 487 464 466 467 0
12
0 755 150 477 178 400 406 228 237 232 814 0
12
0 746 551 514 263 256 888 526 41 42 544 0
12
0 367 724 631 148 481 445 207 506 818 15 0
12
0 620 583 290 504 141 444 695 582 436 690 0
12
0 706 117 895 541 756 565 793 868 72 77 0
12
0 854 774 592 387 383 766 779 351 841 94 0
12
0 241 55 813 134 121 805 731 748 126 124 0
14
0 827 426 424 20 29 289 192 201 25 193 559 597 0
10
0 651 204 673 24 28 197 319 318 0
13
0 716 629 655 831 872 494 587 855 751 162 339 0
11
0 866 245 669 240 663 443 728 562 331 0
12
0 639 718 553 698 369 606 664 699 802 317 0
12
0 549 385 767 103 104 118 161 155 158 708 0
12
0 156 838 757 717 274 279 203 465 86 422 0
12
0 762 806 787 7 219 209 14 732 896 485 0
12
0 224 238 702 709 603 577 391 407 413 411 0
12
0 149 516 143 179 573 447 670 21 314 308 0
12
0 883 792 295 595 264 269 614 635 758 713 0
12
0 782 580 361 138 153 272 571 35 271 222 0
12
0 640 336 476 182 851 183 335 440 747 684 0
12
0 248 130 129 61 860 648 349 689 815 216 0
12
0 634 533 834 493 270 262 807 726 171 337 0
12
0 297 298 45 539 416 410 803 401 399 550 0
12
0 500 714 612 613 839 114 345 341 738 871 0
12
0 113 81 626 79 558 85 540 431 460 459 0
12
0 239 696 355 344 495 763 353 722 783 771 0
12
0 151 145 139 643 482 721 31 189 164 159 0
13
0 864 381 373 96 93 727 427 875 430 101 186 0
11
0 691 230 556 740 737 414 321 453 729 0
13
0 552 229 234 825 489 304 360 357 615 368 890 0
11
0 593 488 275 27 285 829 309 313 649 0
12
0 788 735 137 144 181 175 334 647 531 707 0
12
0 375 701 80 515 681 705 830 881 785 503 0
12
0 569 678 9 17 3 217 212 221 8 5 0
12
0 820 524 483 468 30 202 34 276 283 280 0
12
0 528 423 91 828 421 70 168 215 16 210 0
12
0 739 585 865 213 4 206 214 449 672 775 0
12
0 799 891 617 667 579 384 517 659 254 598 0
12
0 301 51 564 744 811 886 409 47 266 140 0
12
0 110 700 382 112 520 808 668 554 591 800 0
12
0 877 450 326 185 686 18 196 23 456 420 0
12
0 252 599 547 122 58 458 797 837 435 452 0
12
0 887 798 132 135 644 63 342 352 346 607 0
13
0 704 532 770 434 608 819 165 462 169 428 764 0
11
0 146 835 653 329 325 475 324 333 284 0
12
0 227 233 693 398 492 703 260 687 561 781 0
12
0 167 97 157 98 823 87 461 57 127 125 0
12
0 646 2 13 790 697 536 801 588 496 897 0
12
0 255 242 570 250 525 857 641 715 166 163 0
12
0 365 388 43 258 40 596 480 657 712 328 0
12
0 479 187 848 176 846 307 812 32 463 791 0
12
0 505 765 874 473 287 789 676 278 198 286 0
12
0 95 71 74 743 78 75 538 548 555 102 0
12
0 195 484 310 211 543 6 442 446 441 330 0
11
0 535 69 636 527 433 320 879 358 306 0
