20
13
0 146 140 136 71 78 193 56 49 58 3 9 0
12
0 194 104 109 113 111 41 15 23 172 120 0
13
0 162 158 165 167 189 159 161 180 6 2 7 0
11
0 198 185 39 83 117 147 60 65 170 0
12
0 186 73 142 191 94 52 55 4 155 154 0
12
0 141 144 195 43 16 116 32 44 22 84 0
12
0 160 166 196 132 135 128 133 126 106 40 0
12
0 182 108 105 192 188 26 118 175 179 66 0
12
0 145 74 79 76 75 70 100 92 95 96 0
12
0 150 115 90 50 8 12 1 10 51 57 0
12
0 168 163 164 107 110 47 38 42 89 86 0
12
0 199 137 143 48 53 54 97 102 99 101 0
12
0 139 27 25 36 35 177 124 169 68 156 0
12
0 80 77 72 93 98 183 91 119 122 149 0
12
0 138 87 85 14 148 174 69 190 171 82 0
12
0 197 181 129 134 125 127 131 130 33 30 0
12
0 103 45 37 18 21 20 24 31 178 64 0
12
0 112 46 200 17 81 5 11 157 151 153 0
12
0 187 88 114 173 67 59 61 63 176 28 0
11
0 152 34 123 62 121 29 19 13 184 0
