45
25
0 840 767 311 322 301 884 307 401 392 653 659 465 494 247 602 214 324 107 604 103 104 893 639 0
22
0 790 788 772 668 33 662 282 294 860 16 733 731 739 335 272 725 717 542 54 188 0
22
0 865 183 168 356 518 513 422 432 495 576 587 574 589 553 557 26 853 38 125 134 0
22
0 897 793 896 763 847 877 531 708 548 30 563 681 25 862 875 44 24 37 508 523 0
22
0 759 888 616 617 208 99 106 95 109 625 216 215 885 634 161 139 872 784 899 137 0
22
0 70 203 813 88 164 181 842 438 453 836 459 371 807 385 384 293 280 281 288 591 0
22
0 418 501 491 249 253 475 464 477 482 463 478 468 894 156 152 636 852 626 151 618 0
22
0 404 398 407 409 84 889 85 91 378 455 285 593 582 554 579 575 686 690 693 702 0
23
0 841 302 403 755 291 580 309 314 312 318 300 303 315 396 405 769 770 856 866 499 366 0
21
0 849 511 527 528 851 357 175 184 167 169 529 510 235 238 429 240 421 498 649 0
23
0 368 503 486 244 802 549 202 779 61 192 570 571 42 552 682 35 837 123 783 829 520 0
21
0 521 348 854 781 362 89 79 375 850 376 377 383 279 296 286 298 585 581 640 0
22
0 785 426 435 234 485 655 661 883 328 333 325 327 332 323 338 326 344 900 101 597 0
22
0 823 87 820 389 386 449 15 3 2 6 881 734 766 14 12 729 879 738 745 780 0
22
0 590 299 278 670 223 613 603 816 765 619 657 642 256 268 273 275 190 263 887 46 0
22
0 116 117 118 127 136 122 135 142 321 410 228 629 110 155 569 564 28 29 560 667 0
23
0 408 400 82 76 86 700 694 824 758 380 650 201 58 57 67 199 255 265 260 113 483 0
21
0 704 699 703 695 684 827 610 108 863 814 461 467 480 469 473 462 546 716 719 0
23
0 406 413 310 330 892 706 818 726 722 514 252 845 890 417 536 822 707 543 204 62 411 0
21
0 869 71 180 171 176 803 77 165 440 390 806 10 22 831 31 36 791 819 120 0
22
0 162 353 346 367 507 246 516 412 393 397 395 402 94 114 771 753 379 277 817 898 0
22
0 351 524 768 251 505 427 488 751 69 187 271 197 59 52 752 60 645 648 193 65 0
22
0 370 444 445 555 562 678 674 561 148 140 620 622 221 226 111 102 159 762 821 492 0
22
0 749 736 40 743 126 157 774 778 112 334 337 825 810 295 446 886 83 92 166 81 0
22
0 568 32 34 677 565 882 558 121 132 761 832 479 472 835 606 601 605 608 600 614 0
22
0 361 712 535 266 262 834 259 49 264 861 709 544 839 443 458 373 381 878 41 669 0
22
0 431 437 144 150 630 160 154 146 638 212 105 97 250 243 487 242 846 420 545 530 0
22
0 78 178 179 182 843 647 710 714 720 207 880 345 343 340 336 812 269 804 750 306 0
22
0 173 873 512 517 859 504 493 651 599 222 209 225 567 27 665 683 577 815 595 66 0
22
0 313 305 317 316 75 80 195 186 53 506 232 423 782 364 352 360 551 724 723 189 0
22
0 874 350 363 526 233 484 425 490 801 534 538 727 191 185 267 276 64 844 138 130 0
22
0 871 797 868 799 241 833 496 239 828 715 711 537 867 540 436 895 47 805 394 73 0
23
0 864 800 775 876 355 172 290 460 439 369 391 598 637 229 858 217 213 158 174 450 115 0
21
0 809 72 170 588 592 533 532 721 713 646 539 416 237 245 489 826 773 149 623 0
22
0 830 349 365 525 547 658 641 660 644 615 609 607 98 635 224 93 210 227 218 596 0
22
0 320 319 399 414 442 448 382 11 746 8 744 20 838 691 701 692 689 697 698 696 0
22
0 347 359 430 419 231 415 428 433 870 51 718 258 509 808 777 451 454 441 374 1 0
22
0 5 728 735 740 18 747 741 7 17 21 857 23 13 732 19 748 666 675 45 39 0
22
0 891 163 90 74 447 388 556 573 671 673 56 776 198 55 261 200 68 206 50 194 0
22
0 304 308 522 502 248 236 497 792 578 559 145 153 143 680 663 43 811 611 855 612 0
22
0 354 358 515 519 434 787 424 550 764 48 257 254 754 342 329 798 339 341 331 757 0
22
0 177 283 287 289 297 457 292 786 688 687 705 685 794 372 452 456 387 284 594 584 0
22
0 500 643 63 196 270 205 541 652 654 679 664 672 131 147 621 628 624 211 100 631 0
22
0 583 586 230 219 96 627 796 476 470 481 471 848 756 124 129 133 760 141 632 633 0
19
0 220 566 676 789 737 742 656 466 474 795 119 128 4 730 9 572 274 0
