40
15
0 187 183 386 294 2 149 85 59 79 266 250 329 375 0
13
0 313 3 362 254 392 253 279 145 263 89 198 0
15
0 6 128 17 20 82 58 357 105 226 277 228 94 234 0
12
0 64 259 207 137 341 10 372 367 393 197 0
8
0 200 312 361 278 25 45 0
12
0 343 11 37 365 206 47 349 243 356 314 0
12
0 81 87 148 299 346 360 19 102 351 38 0
15
0 139 219 155 233 236 287 333 221 138 191 239 235 290 0
14
0 178 326 381 270 248 283 398 336 340 215 394 347 0
9
0 225 80 70 176 9 157 315 0
14
0 245 335 379 28 147 136 44 373 159 251 384 352 0
8
0 122 296 163 189 374 52 0
16
0 262 22 246 303 180 124 34 256 7 21 42 126 378 269 0
12
0 69 120 209 23 177 388 130 272 208 36 0
12
0 325 165 387 35 78 193 232 90 282 289 0
12
0 88 129 46 119 71 54 33 96 286 110 0
12
0 342 74 391 1 368 216 363 316 167 307 0
12
0 366 218 144 337 166 117 302 275 133 164 0
9
0 131 369 205 172 154 204 4 0
15
0 116 13 238 97 370 284 77 220 355 186 377 224 400 0
12
0 161 288 173 57 240 190 264 320 150 344 0
12
0 258 134 268 15 385 141 395 125 179 271 0
12
0 237 66 281 348 273 109 292 211 114 121 0
12
0 331 223 156 241 30 359 353 339 160 62 0
12
0 53 63 171 249 100 83 229 300 222 86 0
12
0 55 152 142 196 75 115 309 364 61 168 0
11
0 334 227 146 65 60 76 199 153 382 0
13
0 390 383 26 51 354 182 323 68 174 39 305 0
12
0 12 72 98 267 350 113 108 338 291 111 0
12
0 212 158 332 318 265 31 214 91 203 255 0
12
0 93 29 380 99 151 185 304 104 293 297 0
12
0 317 330 24 56 194 162 123 213 40 280 0
12
0 321 175 210 135 184 322 118 112 140 285 0
12
0 230 181 301 49 399 397 261 244 231 127 0
8
0 41 169 310 319 328 27 0
16
0 306 32 389 14 371 274 201 276 50 107 396 95 376 308 0
12
0 106 5 73 298 195 48 311 84 101 345 0
10
0 242 247 143 260 103 257 92 8 0
9
0 327 217 295 18 324 132 192 0
10
0 358 67 16 170 188 43 202 252 0
