70
14
0 106 555 114 601 375 598 108 101 172 244 245 229 0
14
0 137 140 242 324 342 240 246 236 574 175 180 14 0
10
0 266 504 217 253 578 53 44 395 0
12
0 549 672 599 262 275 561 363 697 565 536 0
12
0 3 10 109 17 563 368 540 185 264 388 0
12
0 13 575 215 283 282 277 488 604 409 224 0
15
0 372 278 642 444 651 190 570 182 610 22 127 115 123 0
10
0 400 404 398 391 252 674 519 455 0
11
0 568 258 406 416 592 218 669 267 214 0
12
0 39 43 46 527 660 681 345 448 99 593 0
14
0 376 364 367 625 227 661 690 438 295 551 60 359 0
11
0 645 509 265 463 284 273 78 209 201 0
11
0 456 1 51 250 414 255 412 393 313 0
12
0 113 530 487 450 62 67 453 608 503 165 0
12
0 613 525 24 25 34 633 529 689 343 349 0
12
0 45 221 382 279 117 142 145 619 499 135 0
12
0 482 63 638 65 430 429 654 634 470 615 0
12
0 97 104 597 553 28 29 683 280 306 311 0
12
0 11 4 19 362 238 232 330 331 515 464 0
12
0 12 50 260 577 308 85 511 556 243 325 0
12
0 640 403 216 248 618 390 385 384 517 254 0
12
0 98 100 105 9 18 6 677 7 251 52 0
12
0 415 42 452 479 154 156 162 696 167 557 0
13
0 465 572 631 90 133 595 323 81 501 200 673 0
11
0 379 394 211 460 483 194 131 195 128 0
12
0 54 40 405 667 274 276 270 189 179 234 0
12
0 102 516 498 347 548 531 550 544 27 32 0
12
0 357 361 74 66 346 71 497 491 454 31 0
13
0 663 57 397 319 322 321 79 126 136 147 302 0
11
0 219 210 188 637 230 328 340 235 623 0
12
0 111 5 374 365 641 23 163 535 356 459 0
12
0 377 222 413 407 383 389 399 87 95 652 0
12
0 542 589 489 443 567 370 378 366 177 290 0
12
0 439 492 33 21 628 506 679 138 149 146 0
12
0 691 545 286 558 606 564 665 304 297 293 0
12
0 410 386 272 271 268 685 170 513 157 153 0
12
0 461 307 174 329 239 237 337 569 202 143 0
12
0 121 566 620 132 92 83 86 191 125 93 0
12
0 684 480 447 303 298 658 421 192 199 134 0
12
0 193 129 208 207 80 206 197 686 657 440 0
12
0 16 49 554 694 320 305 318 309 130 312 0
12
0 380 373 668 183 247 231 580 494 335 600 0
12
0 472 257 263 228 627 178 521 471 699 431 0
13
0 616 181 187 656 650 505 490 495 588 473 26 0
11
0 15 96 484 591 537 256 624 442 583 0
12
0 543 666 56 8 2 103 476 30 159 158 0
13
0 402 41 411 249 281 314 316 124 141 186 648 0
11
0 579 534 223 212 636 82 88 120 317 0
12
0 47 259 241 184 176 680 512 462 646 351 0
12
0 584 369 354 360 64 69 289 432 418 695 0
12
0 269 285 225 381 408 226 261 396 436 607 0
12
0 510 112 110 35 38 649 437 520 352 358 0
12
0 48 417 392 611 458 446 655 481 427 514 0
12
0 55 401 213 220 387 118 116 526 151 528 0
12
0 371 671 353 72 420 426 621 419 70 59 0
12
0 507 474 344 350 617 73 58 693 299 169 0
12
0 541 602 300 301 287 292 562 687 522 478 0
12
0 485 659 676 155 171 168 164 161 166 160 0
13
0 559 700 339 203 84 91 205 682 119 77 336 0
11
0 107 457 449 348 355 630 688 644 622 0
12
0 582 310 315 94 89 653 327 670 560 469 0
12
0 20 37 36 603 664 475 629 612 692 296 0
13
0 496 477 632 288 647 698 424 468 493 590 196 0
11
0 333 334 586 533 338 341 326 233 332 0
12
0 173 524 609 585 547 594 587 605 614 518 0
12
0 596 76 423 435 635 502 445 428 425 61 0
12
0 532 139 148 552 422 433 539 626 571 643 0
12
0 678 581 508 144 152 150 204 198 573 122 0
12
0 291 662 294 466 675 467 451 434 538 486 0
10
0 441 546 500 576 68 75 523 639 0
