10
25
0 47 39 70 132 61 157 13 188 104 20 21 80 5 159 62 177 54 172 182 147 193 90 134 0
22
0 191 44 89 143 127 36 72 97 184 106 190 12 189 101 155 150 109 3 179 162 0
25
0 19 160 187 8 128 140 53 52 56 29 166 1 165 73 124 135 146 115 26 174 83 113 173 0
19
0 88 63 69 145 186 2 139 137 131 158 138 66 79 33 180 82 151 0
22
0 94 197 75 121 92 23 183 195 170 25 68 117 17 76 51 153 60 136 198 6 0
22
0 178 30 167 87 103 141 181 102 93 40 99 71 10 31 41 98 46 28 192 65 0
23
0 35 15 74 34 112 50 58 130 107 105 96 129 57 84 120 175 114 37 67 164 45 0
22
0 32 38 7 176 85 110 119 142 77 100 22 111 95 18 200 81 9 55 161 16 0
24
0 48 108 86 118 27 126 123 91 194 116 149 156 122 169 42 49 196 154 64 24 4 148 0
16
0 133 152 199 185 163 144 43 59 11 125 171 14 168 78 0
