100
14
0 698 297 303 293 909 95 843 93 957 783 967 434 0
13
0 377 832 674 523 513 877 3 18 12 257 259 0
11
0 891 325 50 847 675 661 1000 855 112 0
12
0 797 126 120 725 994 109 758 270 5 759 0
16
0 894 935 746 182 905 622 185 818 147 148 431 430 367 732 0
12
0 878 301 890 414 583 807 636 577 772 932 0
8
0 94 137 684 33 26 20 0
12
0 19 916 737 291 728 65 183 496 506 58 0
12
0 23 381 825 609 511 518 987 520 800 287 0
13
0 749 953 117 339 167 179 171 483 883 943 641 0
11
0 379 320 314 318 319 380 51 968 950 0
12
0 30 787 298 140 604 96 963 36 35 101 0
13
0 387 386 527 541 533 534 230 228 919 938 722 0
14
0 642 28 459 172 887 655 226 439 365 370 368 479 0
9
0 442 449 446 450 158 904 762 0
12
0 16 17 256 743 9 626 342 666 614 603 0
12
0 384 315 516 647 924 283 204 89 75 88 0
12
0 42 733 753 764 624 37 631 809 804 404 0
13
0 777 195 194 989 939 153 867 161 717 930 633 0
12
0 385 308 388 311 47 731 747 335 601 170 0
11
0 299 863 849 416 411 926 846 546 544 0
12
0 346 872 823 656 683 49 345 391 402 701 0
12
0 634 102 134 133 143 456 59 111 760 920 0
12
0 184 495 503 497 500 187 699 507 70 859 0
12
0 98 724 625 87 992 814 742 718 986 349 0
12
0 706 261 727 336 715 973 406 405 252 899 0
15
0 841 667 110 124 921 11 869 773 366 369 437 425 628 0
9
0 373 313 700 199 212 208 83 0
13
0 745 669 789 188 719 681 782 794 834 907 997 0
11
0 799 260 897 447 282 884 278 866 470 0
12
0 805 130 780 476 739 870 64 193 685 198 0
12
0 881 304 294 290 128 139 271 277 279 928 0
12
0 643 852 1 296 664 289 995 129 103 97 0
12
0 868 793 241 708 210 214 202 84 591 709 0
12
0 39 38 662 330 249 85 682 422 960 934 0
12
0 44 821 121 113 730 123 956 791 392 889 0
12
0 659 69 498 105 99 627 383 40 801 510 0
12
0 22 761 850 24 865 144 127 138 132 288 0
12
0 254 14 225 361 440 426 427 830 900 639 0
12
0 767 443 181 716 68 888 505 492 67 729 0
12
0 672 827 266 803 946 480 464 471 466 219 0
12
0 712 629 615 690 160 145 581 580 578 579 0
12
0 637 978 705 244 78 90 771 324 991 902 0
12
0 15 13 554 612 940 853 487 482 530 630 0
12
0 4 512 695 608 206 779 73 250 329 86 0
12
0 45 941 582 769 409 720 408 419 551 584 0
12
0 947 610 328 713 922 175 774 975 663 354 0
12
0 703 375 312 644 519 840 670 893 817 925 0
12
0 954 923 756 275 274 694 245 910 390 913 0
12
0 114 355 352 998 892 763 657 435 357 364 0
12
0 265 812 645 912 845 162 146 933 412 421 0
12
0 382 316 317 378 860 418 851 599 501 63 0
12
0 983 552 549 176 178 223 880 540 168 532 0
12
0 962 988 606 52 854 972 80 816 982 741 0
12
0 191 445 66 785 824 895 151 999 702 959 0
12
0 295 302 454 457 965 649 714 648 635 469 0
12
0 931 396 397 990 929 976 605 971 433 358 0
12
0 32 107 790 108 136 784 949 190 679 493 0
14
0 376 306 558 559 538 697 566 974 874 573 322 403 0
10
0 21 34 31 106 91 104 131 135 0
12
0 7 811 958 2 901 473 696 234 707 942 0
12
0 618 189 197 192 820 876 453 936 858 882 0
12
0 48 53 515 886 754 903 243 326 331 822 0
12
0 374 711 389 668 752 119 115 122 350 247 0
12
0 444 452 71 57 504 508 499 159 410 588 0
12
0 898 596 638 815 980 180 165 309 517 524 0
12
0 755 300 828 494 806 502 616 423 590 548 0
12
0 6 353 981 915 607 489 778 224 528 686 0
13
0 856 10 258 687 650 428 218 359 362 360 76 0
11
0 310 977 768 286 839 276 704 911 238 0
12
0 25 27 292 211 338 79 239 251 236 337 0
12
0 776 781 740 340 351 848 399 395 751 726 0
12
0 835 750 29 100 92 142 141 710 984 945 0
12
0 41 689 961 213 951 281 654 280 273 775 0
12
0 757 323 735 620 400 394 617 651 371 613 0
12
0 263 253 264 116 896 673 665 927 267 918 0
12
0 118 348 255 917 571 563 220 231 597 514 0
12
0 937 262 341 344 802 748 460 653 531 535 0
12
0 448 455 964 829 209 203 77 861 594 332 0
13
0 871 509 623 944 424 786 436 438 833 232 491 0
11
0 327 205 200 240 680 149 765 589 547 0
12
0 56 55 196 441 966 611 844 600 826 490 0
12
0 307 43 46 522 602 640 285 201 561 574 0
12
0 54 74 248 207 216 215 246 879 996 81 0
12
0 268 598 798 461 458 467 536 537 595 570 0
12
0 62 61 766 154 155 721 550 555 838 484 0
12
0 125 671 914 819 621 177 475 477 486 363 0
12
0 305 478 485 463 568 565 233 222 229 217 0
12
0 795 525 813 521 321 734 284 272 235 242 0
12
0 393 398 955 810 862 468 564 569 221 678 0
12
0 831 632 562 576 462 985 372 356 429 432 0
12
0 343 347 8 269 993 474 173 542 539 174 0
12
0 691 952 788 792 587 543 744 556 553 545 0
12
0 619 906 970 157 836 864 586 417 150 885 0
12
0 969 451 796 652 166 488 658 164 692 401 0
12
0 415 585 420 693 407 592 948 875 481 557 0
12
0 72 60 908 738 736 413 152 688 770 156 0
12
0 837 857 333 237 82 334 808 676 677 873 0
12
0 186 723 575 472 567 572 842 227 979 529 0
10
0 526 169 163 660 560 465 593 646 0
