10
27
0 22 71 72 58 50 32 53 35 39 41 60 62 74 69 24 187 18 183 125 144 129 135 172 156 149 0
22
0 3 104 111 175 120 116 106 103 14 20 186 5 200 47 185 152 159 163 161 155 0
22
0 9 1 17 11 12 6 8 199 191 190 93 89 79 174 76 86 91 145 90 85 0
23
0 179 126 137 146 139 141 148 143 96 112 117 124 119 118 115 123 101 193 64 48 27 0
21
0 16 19 4 2 15 13 10 198 81 82 158 78 83 80 177 184 169 153 164 0
22
0 109 102 107 105 108 122 23 7 127 140 147 34 197 49 45 38 65 75 128 113 0
22
0 21 173 195 98 84 100 92 194 94 77 97 95 99 196 192 188 166 165 168 150 0
23
0 121 114 110 25 66 55 180 162 160 68 51 44 40 36 26 70 73 42 31 28 29 0
21
0 130 132 136 134 133 154 138 52 37 46 63 57 59 33 67 61 54 131 142 0
17
0 171 157 151 170 167 182 181 87 88 176 189 178 30 43 56 0
