10
23
0 52 10 35 53 140 187 128 8 159 5 178 80 21 102 71 41 31 15 56 166 1 0
20
0 117 199 79 152 68 66 138 158 131 170 69 195 25 137 139 186 2 145 0
21
0 191 88 197 184 93 99 40 74 46 108 86 48 179 3 109 76 17 51 153 0
22
0 149 156 116 122 42 169 49 196 173 113 45 83 67 164 64 14 24 4 148 126 0
24
0 124 135 165 73 29 198 136 60 100 77 7 85 176 146 115 26 174 6 110 142 119 22 0
24
0 130 107 112 50 58 105 57 84 129 96 95 18 200 171 125 11 81 78 59 154 43 111 0
22
0 23 183 92 121 75 167 87 72 106 97 104 190 141 103 12 189 155 101 63 150 0
21
0 89 160 19 39 47 44 70 132 61 143 157 13 181 188 127 36 30 20 94 0
21
0 32 38 9 163 118 98 192 28 175 34 114 120 37 65 168 55 161 16 144 0
22
0 162 62 82 151 133 180 33 147 182 172 193 54 185 177 90 27 91 123 194 134 0
