10
35
0 191 39 47 44 70 61 132 143 157 13 181 188 127 36 30 21 80 5 178 159 8 128 187 160 89 19 140 53 35 1 166 165 56 0
29
0 29 198 136 60 32 38 100 77 7 176 85 110 6 174 26 115 146 135 124 142 119 22 107 130 57 84 58 0
21
0 120 96 95 18 11 125 43 59 144 16 161 55 168 9 78 81 200 171 24 0
23
0 126 64 164 67 83 45 113 173 49 196 169 42 122 156 116 149 177 90 91 27 76 0
23
0 48 148 194 134 123 4 154 111 50 112 114 34 175 28 98 46 192 74 40 99 104 0
24
0 93 20 184 97 153 190 72 12 167 87 141 103 189 155 101 63 69 195 25 139 137 94 0
19
0 2 145 131 158 66 68 152 199 79 180 33 133 82 151 117 3 163 0
18
0 162 62 179 86 65 118 108 37 129 105 15 31 41 71 102 52 0
12
0 10 73 51 106 17 150 109 14 92 121 0
16
0 75 197 88 186 23 183 170 138 147 182 172 54 185 193 0
