100
9
0 382 805 123 313 194 739 716 0
3
0 781 0
24
0 804 676 779 892 314 20 470 899 649 808 674 384 897 746 143 877 952 846 38 841 156 166 0
15
0 623 276 464 703 358 631 352 202 35 666 947 495 602 0
9
0 963 979 550 362 788 36 950 0
22
0 271 302 394 497 56 743 834 46 92 936 402 717 765 510 1 875 18 865 756 527 0
3
0 148 0
11
0 891 333 586 404 17 975 48 306 80 0
7
0 630 162 461 460 662 0
21
0 829 422 254 32 112 473 767 744 693 842 322 380 665 85 526 232 499 689 928 0
18
0 170 214 270 543 713 521 451 433 621 894 494 136 783 108 593 815 0
6
0 637 575 286 706 0
8
0 235 847 110 436 592 440 0
12
0 659 660 4 932 618 619 252 341 854 648 0
12
0 949 130 188 149 268 438 37 185 980 431 0
19
0 625 172 480 370 535 555 265 926 701 832 103 609 428 363 923 397 515 0
5
0 914 737 909 0
22
0 945 990 284 200 727 502 350 191 449 632 820 546 124 75 429 587 901 297 137 444 0
22
0 966 844 747 524 941 624 712 87 478 372 281 925 964 472 995 399 151 165 645 488 0
22
0 242 376 798 357 230 888 817 968 552 177 762 544 296 295 161 726 41 634 757 13 0
13
0 6 481 263 78 792 77 629 277 627 831 64 0
11
0 330 940 248 735 711 377 869 517 43 0
22
0 260 203 447 581 611 753 775 299 518 597 116 830 160 725 867 784 639 249 741 349 0
21
0 759 266 244 710 768 14 972 61 154 94 62 304 182 686 965 228 996 90 84 0
13
0 853 106 551 984 732 231 269 822 878 745 636 0
12
0 673 351 976 778 420 423 558 916 129 71 0
12
0 541 135 361 981 141 455 72 849 328 883 0
11
0 164 139 910 835 229 855 446 181 663 0
3
0 100 0
22
0 22 596 626 155 496 879 204 772 236 598 774 679 889 353 442 884 411 192 556 589 0
22
0 973 564 658 9 303 140 419 927 614 698 900 999 412 582 613 68 220 902 684 60 0
22
0 959 828 885 147 605 977 962 938 490 742 318 567 603 414 347 812 797 425 818 225 0
12
0 848 738 967 870 479 127 985 173 253 52 0
26
0 692 115 280 654 754 308 24 70 709 920 958 908 30 904 800 806 34 728 691 413 206 895 193 105 0
8
0 617 320 729 450 371 770 0
7
0 73 199 685 801 278 0
12
0 355 537 293 401 561 993 240 157 576 209 0
17
0 317 562 642 198 647 810 294 769 107 345 150 933 25 146 780 0
12
0 158 309 26 690 379 389 312 978 57 606 0
8
0 787 946 948 53 283 83 0
11
0 369 734 190 560 86 456 435 215 918 0
4
0 569 97 0
5
0 247 731 534 0
22
0 381 970 29 652 577 282 568 104 594 212 311 785 246 405 441 608 430 872 465 991 0
11
0 559 237 291 118 683 542 682 715 843 0
10
0 171 905 549 942 222 66 445 152 0
5
0 913 956 809 0
6
0 816 40 917 452 0
8
0 604 653 641 989 210 986 0
6
0 21 457 850 109 0
15
0 138 670 610 393 547 378 67 983 852 81 612 11 915 0
16
0 132 354 880 238 327 860 749 241 163 856 776 468 492 511 0
11
0 672 819 218 279 167 331 42 45 368 0
10
0 91 607 504 390 680 890 374 482 0
14
0 366 373 638 764 896 386 799 453 694 239 407 1000 0
12
0 119 793 570 335 528 471 493 553 364 699 0
12
0 912 47 128 195 657 954 758 696 752 375 0
13
0 622 120 233 59 169 773 485 688 633 863 211 0
8
0 356 825 583 574 421 522 0
10
0 12 19 501 934 134 290 205 342 0
4
0 539 838 0
15
0 403 887 498 338 243 305 273 300 669 802 319 23 520 0
12
0 590 705 27 168 599 720 426 409 868 826 0
12
0 911 937 668 944 994 51 969 601 803 415 0
9
0 566 197 919 646 448 584 275 0
5
0 459 533 833 0
15
0 387 811 724 572 939 898 89 186 344 360 751 391 988 0
9
0 529 523 748 79 807 777 227 0
12
0 591 704 714 722 763 408 790 39 992 557 0
13
0 487 259 794 840 708 187 525 565 554 8 836 0
9
0 145 513 69 697 339 821 88 0
8
0 516 201 395 144 671 931 0
8
0 982 656 960 813 292 217 0
6
0 76 287 650 655 0
3
0 585 0
6
0 695 489 324 267 0
5
0 924 824 285 0
10
0 255 298 858 466 131 174 101 262 0
12
0 183 578 536 462 184 512 508 321 616 678 0
5
0 859 326 782 0
19
0 509 530 791 125 82 483 538 503 548 437 63 359 10 929 971 289 491 0
12
0 882 469 628 208 323 761 406 418 531 930 0
22
0 458 579 935 827 336 50 28 476 640 74 434 301 340 580 718 329 922 410 33 245 0
12
0 702 862 175 661 396 857 337 719 861 951 0
22
0 886 866 159 486 142 316 398 921 532 307 795 906 998 55 545 153 400 416 388 839 0
12
0 126 315 463 96 325 955 873 507 505 953 0
12
0 113 571 385 664 224 771 348 439 851 477 0
7
0 54 343 864 5 251 0
7
0 540 189 114 755 334 0
12
0 635 514 424 874 15 467 474 49 258 367 0
22
0 760 310 789 93 721 31 750 223 196 332 595 903 974 427 58 730 256 178 506 786 0
12
0 997 417 837 44 179 432 500 98 95 573 0
11
0 588 677 723 823 226 272 484 16 961 0
13
0 443 736 3 644 871 740 261 383 365 733 7 0
12
0 346 845 766 957 667 943 117 392 102 257 0
12
0 643 563 675 2 907 264 234 133 796 288 0
12
0 65 180 620 216 250 700 176 274 519 987 0
6
0 681 111 213 881 0
8
0 219 687 876 121 600 99 0
12
0 207 454 122 707 651 814 221 475 615 893 0
