50
22
0 105 180 449 1 227 106 145 162 256 4 173 297 143 240 285 360 259 81 46 275 0
4
0 276 67 0
20
0 264 345 121 22 228 339 477 137 455 123 170 53 135 153 292 353 288 107 0
12
0 405 423 8 18 436 383 14 79 461 490 0
12
0 20 28 250 300 223 296 12 491 136 464 0
12
0 139 462 222 346 349 216 237 26 48 95 0
17
0 233 498 269 147 199 432 90 118 368 72 175 323 329 30 89 0
25
0 96 474 291 497 17 52 254 324 176 7 88 366 332 16 310 272 73 313 134 128 328 80 144 0
4
0 192 94 0
12
0 454 312 82 109 246 76 434 289 38 133 0
12
0 185 387 86 59 492 157 433 54 148 151 0
22
0 479 114 445 456 281 58 273 334 247 378 467 371 155 330 215 484 472 47 186 190 0
6
0 239 10 457 249 0
19
0 251 36 252 499 302 257 234 377 184 206 309 395 319 160 487 101 318 0
7
0 459 495 9 27 130 0
18
0 149 255 2 217 274 357 169 177 363 158 230 451 298 483 115 42 0
10
0 126 465 235 37 482 327 70 425 0
7
0 424 66 225 392 409 0
7
0 364 212 421 179 486 0
9
0 466 403 356 447 295 270 414 0
15
0 108 195 438 420 348 229 45 168 471 410 399 427 99 0
12
0 260 265 208 282 374 93 271 381 150 207 0
22
0 287 469 63 440 56 124 429 213 394 362 306 417 419 480 33 174 446 142 262 442 0
21
0 112 304 261 460 284 397 104 210 343 278 316 11 15 266 65 404 336 146 321 0
13
0 188 24 69 367 141 267 431 204 322 301 219 0
12
0 320 444 50 400 382 60 218 263 470 103 0
12
0 426 375 340 245 226 84 236 92 243 489 0
12
0 402 412 205 380 406 64 379 268 408 117 0
12
0 41 21 132 258 373 430 74 351 354 75 0
11
0 19 13 91 152 211 277 299 476 413 0
3
0 100 0
6
0 341 138 280 386 0
18
0 167 325 326 314 221 241 448 293 224 317 359 111 171 286 140 29 0
12
0 102 238 488 127 116 120 283 85 376 35 0
22
0 418 51 331 62 202 398 119 311 98 361 193 350 478 165 496 6 220 355 196 214 0
12
0 333 203 407 61 308 416 337 181 279 83 0
12
0 435 369 5 463 396 156 391 358 458 159 0
12
0 57 347 187 365 439 244 428 77 372 97 0
12
0 129 473 198 3 164 200 335 307 401 415 0
12
0 183 315 450 248 481 342 344 485 494 242 0
10
0 500 411 305 68 178 370 201 43 0
14
0 294 352 49 390 194 437 338 110 384 182 44 290 0
12
0 71 191 209 232 34 389 441 388 475 25 0
4
0 154 163 0
10
0 422 393 78 55 125 131 161 452 0
5
0 453 87 385 0
9
0 189 468 172 32 493 39 122 0
7
0 443 113 23 31 40 0
4
0 197 253 0
5
0 166 303 231 0
