90
12
0 477 590 736 780 577 814 19 866 769 70 0
22
0 801 486 267 636 357 398 31 744 6 377 741 747 694 776 261 218 275 786 132 422 0
12
0 602 679 374 849 717 364 818 593 293 778 0
12
0 737 392 698 341 630 25 9 54 336 93 0
12
0 829 47 565 71 530 749 130 399 209 626 0
12
0 852 97 367 708 767 404 571 358 379 544 0
22
0 660 589 120 351 229 190 772 777 412 173 681 739 383 195 513 479 619 178 330 463 0
12
0 549 639 86 313 165 857 447 201 474 21 0
22
0 578 403 714 804 495 752 138 622 69 175 310 211 797 456 488 789 232 688 362 354 0
12
0 728 105 595 794 537 389 157 251 391 529 0
12
0 764 704 345 696 740 649 92 77 524 112 0
22
0 76 845 141 490 220 99 806 691 481 810 8 430 761 451 365 350 821 2 79 644 0
21
0 196 198 388 798 75 224 446 787 867 284 580 127 678 441 819 854 276 158 687 0
25
0 107 652 733 46 252 161 384 318 344 668 574 700 887 864 612 169 309 264 850 825 875 466 35 0
10
0 563 478 484 469 600 103 499 632 0
12
0 186 239 460 631 876 734 426 302 325 346 0
12
0 773 320 560 370 410 311 791 226 406 258 0
12
0 745 576 656 12 223 862 557 765 790 831 0
15
0 416 434 277 290 52 219 601 378 453 380 618 847 830 0
9
0 459 572 515 387 750 462 820 0
12
0 482 861 548 245 222 839 483 442 269 439 0
12
0 110 409 713 858 609 553 702 832 124 122 0
12
0 136 603 693 213 712 892 435 29 280 254 0
22
0 413 428 338 837 836 172 540 638 742 508 669 228 522 348 452 342 87 895 703 193 0
22
0 81 360 689 796 38 838 429 480 334 559 807 339 139 150 177 265 450 465 843 250 0
22
0 607 405 56 633 461 151 743 855 45 856 506 109 573 538 611 599 770 34 509 160 0
12
0 256 135 542 853 879 443 760 303 676 307 0
20
0 326 640 826 257 567 726 552 214 425 353 865 204 805 57 568 36 616 332 0
4
0 167 147 0
12
0 647 292 347 588 240 803 897 402 116 312 0
16
0 271 518 221 291 756 134 304 306 558 20 570 51 301 83 0
8
0 870 674 637 738 59 43 0
12
0 96 444 723 355 725 94 598 95 17 205 0
12
0 328 888 824 295 98 730 871 33 597 26 0
3
0 126 0
11
0 128 663 785 123 145 813 183 445 605 0
14
0 808 556 386 40 50 356 802 680 527 225 329 545 0
10
0 208 555 706 53 868 49 137 212 0
12
0 331 431 285 15 85 517 643 440 695 566 0
12
0 719 419 22 206 230 363 775 432 13 189 0
22
0 690 74 90 298 168 528 881 900 615 489 682 670 525 102 181 532 746 662 645 507 0
17
0 877 851 675 840 811 755 683 501 543 179 468 788 606 654 100 0
7
0 418 192 108 487 523 0
15
0 716 368 727 143 272 376 396 185 238 705 279 657 259 0
19
0 872 217 154 834 519 244 732 624 340 23 842 84 604 581 516 882 448 0
12
0 651 249 393 60 411 216 539 27 748 63 0
8
0 400 299 37 551 812 210 0
16
0 88 621 308 498 763 661 11 171 16 373 827 115 869 800 0
12
0 511 493 317 176 184 202 113 180 795 30 0
12
0 159 366 697 817 898 658 467 423 319 283 0
12
0 121 237 809 436 349 731 454 333 300 182 0
12
0 884 424 248 144 707 666 751 878 156 614 0
12
0 58 4 721 322 642 701 584 305 371 585 0
12
0 823 246 375 3 187 673 385 784 32 587 0
12
0 10 401 397 7 885 118 715 894 170 417 0
12
0 407 390 833 816 315 241 119 623 591 711 0
6
0 281 710 653 534 0
11
0 648 672 659 699 72 273 67 722 337 0
9
0 149 234 68 215 664 720 352 0
13
0 394 243 828 896 106 471 500 562 321 146 531 0
16
0 247 792 343 282 799 457 64 533 323 554 327 80 164 782 0
13
0 200 569 625 268 44 503 131 5 550 155 766 0
6
0 28 438 472 65 0
14
0 194 48 314 142 294 759 685 677 628 512 231 582 0
10
0 620 55 650 547 148 874 233 848 0
6
0 473 889 890 758 0
6
0 260 242 724 505 0
15
0 274 408 859 163 125 841 263 197 191 253 835 114 335 0
11
0 359 455 117 278 627 592 458 297 671 0
9
0 886 783 140 546 883 66 815 0
5
0 227 846 781 0
12
0 133 153 104 369 174 395 514 692 266 203 0
4
0 207 762 0
10
0 414 492 316 62 754 381 844 101 0
12
0 610 270 39 646 91 324 61 42 561 236 0
6
0 449 166 475 667 0
6
0 735 771 287 526 0
4
0 575 729 0
4
0 286 757 0
4
0 111 520 0
8
0 420 78 464 793 296 494 0
8
0 382 235 41 470 541 421 0
6
0 753 613 608 629 0
12
0 617 860 899 14 634 18 863 521 496 73 0
12
0 288 372 497 1 510 289 415 893 594 822 0
12
0 873 24 162 535 255 579 684 502 718 564 0
12
0 82 188 262 504 641 880 89 361 536 774 0
12
0 437 891 768 129 709 655 779 491 199 485 0
10
0 686 152 427 433 596 476 586 635 0
4
0 665 583 0
