20
12
0 43 35 194 61 125 121 145 69 191 46 0
13
0 104 73 45 25 164 169 100 20 124 87 123 0
21
0 26 122 94 4 178 85 58 109 120 80 107 54 8 105 147 89 101 186 128 0
22
0 196 144 51 138 136 106 83 70 113 12 158 21 88 24 97 110 118 143 82 172 0
12
0 13 17 22 190 2 166 116 18 59 130 0
9
0 40 93 127 200 160 171 148 0
11
0 44 53 146 84 72 95 117 163 185 0
10
0 156 60 63 153 189 199 132 30 0
9
0 27 129 112 65 11 173 5 0
11
0 159 180 92 150 167 188 28 34 19 0
9
0 102 37 76 115 42 139 29 0
11
0 39 195 15 71 134 64 126 6 170 0
16
0 174 103 57 55 90 154 32 9 86 98 50 1 38 152 0
12
0 96 193 48 187 179 108 177 137 56 131 0
11
0 168 165 197 66 68 182 155 184 33 0
13
0 81 157 78 77 162 176 161 133 47 10 74 0
14
0 62 119 79 198 140 31 135 149 49 36 67 175 0
11
0 23 183 151 111 142 192 91 141 99 0
7
0 181 114 75 16 41 0
6
0 52 14 7 3 0
