40
24
0 3 64 2 149 85 87 207 81 259 183 294 386 206 362 343 254 392 253 245 335 136 187 0
23
0 325 145 198 89 139 37 147 28 279 379 365 58 82 357 315 105 122 296 70 94 234 0
19
0 228 284 277 131 282 36 208 77 272 251 388 177 384 14 352 130 158 0
8
0 212 90 51 62 26 339 0
9
0 353 23 209 224 30 241 156 0
19
0 400 317 359 377 6 186 240 220 355 190 383 223 35 387 165 128 17 0
12
0 20 69 232 193 205 120 160 159 252 27 0
12
0 373 47 374 44 243 356 314 173 237 161 0
12
0 288 331 390 57 286 96 222 281 66 229 0
12
0 292 86 109 110 328 273 348 310 319 169 0
15
0 320 24 344 106 162 121 114 211 306 32 213 5 40 0
4
0 389 280 0
9
0 332 340 336 398 283 231 248 0
13
0 305 326 270 381 391 127 341 73 274 10 372 0
9
0 371 367 393 194 197 123 215 0
12
0 137 68 181 174 301 97 370 182 323 354 0
9
0 93 99 29 380 337 179 78 0
14
0 218 144 124 180 34 256 55 142 303 53 63 171 0
16
0 196 115 271 164 133 117 275 347 302 166 140 92 125 8 0
11
0 214 242 91 255 203 368 247 216 363 0
4
0 316 167 0
8
0 266 329 375 79 307 295 0
8
0 217 327 18 250 308 132 0
10
0 376 95 101 170 48 396 107 298 0
6
0 16 188 67 43 0
4
0 195 345 0
10
0 84 311 358 178 244 261 202 304 0
14
0 397 49 399 185 151 31 265 318 172 369 13 289 0
10
0 238 116 189 349 52 176 157 9 0
20
0 22 246 152 249 83 100 12 72 134 15 268 334 239 258 191 74 342 235 0
16
0 290 46 71 119 54 111 33 227 321 146 338 291 60 98 0
12
0 65 61 113 350 267 76 168 153 108 210 0
12
0 382 364 309 75 385 104 141 21 293 112 0
12
0 42 126 257 285 378 297 269 260 103 143 0
12
0 118 322 395 184 135 199 175 88 129 138 0
23
0 221 333 233 236 262 360 19 80 102 351 38 219 59 155 225 346 361 278 299 148 312 0
15
0 200 45 25 287 366 7 154 4 204 163 226 263 11 0
10
0 313 330 150 56 264 300 41 394 0
8
0 39 230 201 1 50 276 0
4
0 324 192 0
