50
12
0 105 180 449 1 227 106 145 162 256 4 0
22
0 173 297 143 240 285 360 259 81 46 275 276 67 264 345 121 22 228 339 477 137 0
23
0 455 123 170 53 135 153 292 353 288 107 405 423 8 18 436 383 14 79 461 490 20 0
11
0 28 250 300 223 296 443 491 136 464 0
12
0 139 462 222 346 349 216 237 26 361 95 0
22
0 233 498 435 147 199 432 90 118 368 72 175 323 329 30 89 96 474 291 497 17 0
22
0 52 254 324 176 7 88 366 332 16 310 272 73 313 134 128 328 109 144 192 94 0
9
0 454 312 82 80 246 76 434 0
25
0 289 38 133 185 387 86 59 492 157 433 54 148 151 479 114 445 456 281 58 273 334 247 69 0
22
0 467 371 155 330 215 484 472 47 186 190 239 10 457 249 251 36 252 499 302 257 0
5
0 234 377 184 0
9
0 206 309 395 319 160 487 101 0
12
0 318 459 495 9 27 130 149 255 2 217 0
9
0 274 357 169 177 363 158 230 0
5
0 451 298 483 0
11
0 115 42 126 465 235 37 482 327 70 0
13
0 425 424 66 225 392 409 364 212 421 179 486 0
12
0 466 403 356 447 295 270 414 108 195 438 0
22
0 420 348 229 45 168 471 410 399 427 99 260 265 208 282 374 93 271 381 150 207 0
18
0 287 469 63 440 56 124 429 213 394 362 306 417 419 480 33 174 0
6
0 446 142 262 442 0
17
0 112 304 261 460 284 397 104 210 343 278 316 11 15 266 65 0
7
0 404 336 146 321 188 0
14
0 24 378 367 141 267 431 204 322 301 219 320 444 0
10
0 50 400 382 60 218 263 470 103 0
8
0 426 375 340 245 226 84 0
6
0 236 92 243 489 0
12
0 402 412 205 380 406 64 379 268 408 117 0
12
0 41 21 132 258 373 430 74 351 354 75 0
12
0 19 13 91 152 211 277 299 476 83 100 0
12
0 341 138 280 386 167 325 326 314 221 241 0
12
0 448 293 224 317 359 111 171 286 140 29 0
4
0 102 238 0
10
0 488 127 116 120 283 85 376 35 0
12
0 418 51 331 62 202 398 119 311 98 48 0
16
0 193 350 478 165 496 6 220 355 196 214 333 203 407 61 0
8
0 308 416 337 181 279 413 0
13
0 269 369 5 463 396 156 391 358 458 159 200 0
8
0 347 187 365 439 244 428 0
15
0 77 372 97 129 473 198 3 164 57 335 307 401 415 0
12
0 183 315 450 248 481 342 78 485 494 242 0
12
0 344 411 305 68 178 370 201 43 294 352 0
13
0 49 390 194 437 338 110 384 182 44 290 71 0
15
0 191 209 232 34 389 441 388 475 25 154 163 422 393 0
8
0 500 55 125 131 161 452 0
7
0 453 87 385 189 468 0
7
0 40 32 493 39 122 0
8
0 12 113 23 31 172 197 0
4
0 253 166 0
4
0 303 231 0
