20
17
0 43 35 194 73 61 23 81 191 69 107 58 4 42 45 76 0
17
0 39 124 104 26 33 123 3 122 87 80 178 85 176 109 125 0
12
0 17 192 164 8 105 147 89 128 186 101 0
21
0 119 144 51 138 136 133 83 70 113 12 158 21 88 24 97 118 110 143 121 0
14
0 82 141 172 99 190 2 166 116 18 59 127 40 0
9
0 93 112 200 160 148 53 7 0
9
0 146 185 84 72 95 117 163 0
11
0 171 60 63 132 153 189 199 157 180 0
8
0 30 27 66 68 182 156 0
13
0 155 159 77 130 92 28 188 173 19 126 100 0
12
0 115 11 20 15 94 162 62 195 6 102 0
13
0 37 34 38 103 170 134 57 154 55 90 174 0
10
0 32 9 86 98 165 1 50 96 0
12
0 193 167 48 179 187 108 177 137 56 131 0
12
0 64 14 168 129 44 197 78 5 169 196 0
11
0 184 65 150 25 139 161 106 47 145 0
11
0 111 75 74 31 198 149 135 49 22 0
12
0 79 36 67 142 181 183 41 13 91 120 0
9
0 29 10 114 16 151 175 140 0
7
0 54 52 71 152 46 0
