200
7
0 382 805 123 820 194 0
7
0 739 716 781 804 158 0
7
0 779 892 314 20 470 0
11
0 116 649 808 674 384 302 746 143 877 0
3
0 952 0
12
0 846 38 841 156 166 717 276 464 608 358 0
9
0 631 352 202 35 666 947 495 0
5
0 602 963 979 0
7
0 550 362 788 377 566 0
7
0 271 897 394 497 56 0
12
0 743 834 46 92 936 236 623 253 510 1 0
9
0 875 18 865 756 527 148 891 0
4
0 333 703 0
10
0 404 17 975 48 306 80 630 162 0
5
0 461 460 662 0
3
0 469 0
6
0 422 254 280 112 0
12
0 473 767 879 693 842 322 902 665 85 526 0
5
0 457 499 689 0
4
0 928 170 0
7
0 678 270 372 713 521 0
7
0 451 433 621 894 494 0
7
0 136 783 108 593 815 0
7
0 637 124 71 706 235 0
7
0 847 110 436 592 440 0
7
0 659 660 4 932 618 0
7
0 619 252 341 854 648 0
9
0 348 130 188 149 268 438 37 0
5
0 185 980 431 0
5
0 480 172 625 0
4
0 370 535 0
7
0 555 950 926 701 832 0
6
0 103 609 428 363 0
3
0 923 0
6
0 397 515 914 210 0
3
0 909 0
7
0 945 990 284 200 283 0
7
0 502 350 191 449 632 0
7
0 313 546 575 75 429 0
7
0 587 901 297 775 444 0
7
0 966 844 747 524 941 0
7
0 624 712 87 478 543 0
3
0 281 0
6
0 446 964 472 995 0
7
0 399 151 165 645 488 0
7
0 242 376 798 357 230 0
7
0 888 817 968 552 177 0
5
0 762 544 296 0
4
0 295 161 0
7
0 726 41 634 757 13 0
17
0 6 481 263 78 792 77 629 277 627 831 64 330 940 142 735 0
12
0 711 90 396 567 43 260 203 447 581 611 0
7
0 753 137 299 518 597 0
7
0 899 830 784 506 867 0
18
0 160 639 249 741 349 759 266 244 710 768 14 972 61 154 94 62 0
6
0 304 182 686 965 0
7
0 228 996 36 147 853 0
22
0 106 551 984 732 231 269 822 878 745 636 673 351 976 778 420 423 366 916 129 286 0
4
0 192 135 0
5
0 361 981 141 0
7
0 455 72 128 328 913 0
6
0 164 770 910 835 0
4
0 305 855 0
6
0 925 67 663 100 0
9
0 22 596 626 763 496 744 204 0
5
0 772 402 598 0
7
0 774 679 889 353 442 0
7
0 884 411 541 556 589 0
7
0 973 564 658 9 303 0
12
0 140 419 927 614 698 900 999 412 347 613 0
7
0 68 220 380 684 60 0
7
0 959 828 885 84 605 0
7
0 977 962 414 490 742 0
11
0 318 517 603 938 582 812 797 425 818 0
3
0 721 0
7
0 848 738 967 870 479 0
12
0 692 985 173 765 52 127 115 32 654 754 0
12
0 308 282 70 709 920 958 908 30 904 800 0
5
0 806 34 728 0
8
0 691 413 206 895 193 105 0
3
0 617 0
4
0 320 729 0
10
0 450 371 139 73 199 685 801 278 0
20
0 355 537 293 401 561 993 240 157 576 209 317 562 642 198 647 810 294 769 0
4
0 107 345 0
12
0 150 933 25 146 780 676 309 26 690 379 0
7
0 389 312 978 57 606 0
7
0 787 946 948 53 727 0
7
0 83 369 734 190 560 0
7
0 118 104 435 215 918 0
7
0 569 97 247 731 534 0
6
0 381 970 29 652 0
3
0 577 0
5
0 24 568 456 0
9
0 594 212 311 785 246 405 441 0
7
0 310 261 872 465 559 0
7
0 991 237 291 86 622 0
12
0 542 682 715 843 171 905 445 942 222 66 0
7
0 549 152 257 956 809 0
8
0 816 40 16 452 604 653 0
6
0 641 989 737 986 0
3
0 21 0
6
0 232 850 109 138 0
12
0 670 610 393 547 378 181 983 852 81 612 0
7
0 11 585 132 354 880 0
3
0 238 0
3
0 532 0
10
0 860 749 241 163 856 776 468 492 0
7
0 511 672 819 218 279 0
7
0 167 331 42 45 368 0
7
0 91 607 504 390 680 0
7
0 890 374 482 558 373 0
9
0 417 764 896 386 799 453 694 0
10
0 239 407 1000 119 793 570 335 528 0
7
0 471 493 553 364 102 0
3
0 644 0
3
0 47 0
5
0 849 195 657 0
7
0 954 758 696 752 375 0
7
0 683 120 233 59 169 0
7
0 773 485 688 633 863 0
12
0 211 356 825 583 574 421 522 12 19 501 0
7
0 934 134 290 205 342 0
5
0 539 838 403 0
3
0 887 0
3
0 498 0
4
0 338 243 0
5
0 229 273 300 0
5
0 669 802 319 0
9
0 23 520 590 705 409 168 599 0
7
0 720 426 27 868 826 0
3
0 911 0
11
0 937 668 944 994 51 969 601 803 415 0
7
0 265 197 919 646 448 0
7
0 584 275 459 533 833 0
12
0 387 811 724 572 939 898 89 186 344 360 0
7
0 751 391 988 529 523 0
7
0 704 79 807 777 227 0
7
0 591 748 714 722 155 0
7
0 408 790 39 992 557 0
7
0 487 259 794 840 708 0
4
0 187 525 0
5
0 565 554 8 0
7
0 836 145 513 69 697 0
6
0 339 821 88 516 0
3
0 201 0
5
0 395 144 671 0
4
0 931 982 0
5
0 656 960 813 0
3
0 292 0
4
0 217 76 0
4
0 287 650 0
4
0 655 915 0
4
0 695 489 0
5
0 324 267 924 0
7
0 824 285 255 298 858 0
7
0 466 131 174 101 262 0
5
0 183 578 536 0
7
0 462 184 512 508 321 0
4
0 616 214 0
7
0 859 326 782 509 530 0
6
0 791 125 82 483 0
3
0 538 0
7
0 503 661 437 63 359 0
9
0 10 929 971 289 491 882 829 0
5
0 628 208 323 0
12
0 761 406 418 531 930 458 579 935 827 336 0
12
0 50 28 476 640 159 434 301 340 580 718 0
12
0 329 922 410 33 245 702 862 175 548 869 0
12
0 857 337 719 861 951 886 866 74 486 248 0
6
0 316 398 921 327 0
3
0 307 0
7
0 795 906 998 55 545 0
7
0 153 400 416 388 839 0
12
0 126 315 463 96 325 955 873 507 505 953 0
12
0 113 571 385 664 224 771 949 439 851 477 0
7
0 54 343 864 5 251 0
7
0 540 189 114 755 334 0
6
0 635 514 424 874 0
8
0 15 467 474 49 258 367 0
7
0 760 586 789 93 225 0
16
0 31 750 223 196 332 595 903 974 427 58 730 256 178 725 0
4
0 786 997 0
6
0 638 837 44 179 0
7
0 432 500 98 95 573 0
7
0 588 677 723 823 226 0
6
0 272 484 917 961 0
3
0 443 0
7
0 736 3 912 871 740 0
7
0 430 383 365 733 7 0
7
0 346 845 766 957 667 0
7
0 943 117 392 699 883 0
7
0 643 563 675 2 907 0
12
0 264 234 133 796 288 65 180 620 216 250 0
3
0 700 0
10
0 176 274 519 987 681 111 213 881 0
4
0 219 687 0
6
0 876 121 600 99 0
7
0 207 454 122 707 651 0
7
0 814 221 475 615 893 0
