10
27
0 191 39 44 47 70 61 36 143 181 13 157 178 5 127 30 21 160 188 132 80 35 124 135 8 89 0
22
0 19 140 53 187 128 198 165 73 1 166 115 77 32 38 100 146 176 7 85 110 0
16
0 6 29 26 136 31 102 174 142 119 22 107 130 57 84 0
19
0 105 129 96 95 18 111 125 148 59 144 16 161 55 168 9 78 81 0
24
0 11 200 24 14 64 164 67 45 83 113 173 49 196 169 42 122 156 116 149 177 90 91 0
25
0 27 126 163 123 134 194 43 4 154 171 50 112 114 34 175 28 98 46 192 74 40 99 20 0
26
0 93 104 184 97 106 190 72 87 167 141 103 155 189 92 101 63 69 195 25 2 186 145 139 137 0
18
0 131 170 66 68 152 199 180 79 33 133 82 151 62 117 193 162 0
21
0 179 48 86 108 118 65 37 120 58 60 15 41 71 159 52 10 56 51 153 0
22
0 17 76 109 150 12 121 75 197 88 94 23 183 138 158 147 182 172 54 185 3 0
