70
18
0 601 298 153 383 275 21 338 664 9 493 40 234 572 530 533 233 0
16
0 342 545 134 139 311 369 617 626 2 519 103 478 641 147 0
12
0 187 37 258 560 314 135 424 196 685 347 0
12
0 586 60 132 590 593 29 73 536 676 88 0
22
0 295 323 269 577 396 131 395 580 203 532 130 491 238 392 600 215 46 33 468 266 0
12
0 439 524 303 458 405 324 511 578 597 573 0
12
0 442 42 401 313 583 599 420 260 605 50 0
22
0 57 339 499 89 470 474 240 596 80 116 646 688 280 594 118 461 151 547 207 507 0
16
0 523 307 568 189 334 35 67 111 92 180 332 7 198 294 0
8
0 361 371 309 445 141 516 0
12
0 68 129 56 229 411 168 206 598 412 25 0
12
0 345 397 471 364 175 350 226 63 559 155 0
12
0 434 419 582 390 618 82 344 521 528 459 0
12
0 272 119 71 285 588 288 687 362 59 140 0
12
0 16 66 123 245 569 159 188 622 99 367 0
9
0 81 26 410 475 674 472 467 0
5
0 69 138 456 0
15
0 27 649 463 161 453 591 542 452 219 124 286 329 497 0
9
0 90 70 670 181 299 224 277 0
12
0 127 510 176 310 504 564 97 320 253 18 0
12
0 647 357 425 184 156 693 231 211 302 380 0
15
0 268 250 30 65 495 301 565 330 121 437 348 305 436 0
9
0 611 6 554 400 581 283 354 0
11
0 455 242 178 194 686 94 113 644 8 0
3
0 557 0
12
0 284 291 128 52 423 201 538 195 158 353 0
12
0 409 537 415 431 387 614 352 169 325 117 0
12
0 690 416 567 78 199 205 624 170 76 72 0
12
0 522 327 435 477 223 546 259 186 306 256 0
12
0 13 150 209 657 58 279 375 217 44 185 0
16
0 366 531 112 75 5 197 403 391 652 653 244 337 428 144 0
8
0 525 402 382 548 625 3 0
14
0 114 699 692 457 146 95 421 637 386 222 79 331 0
26
0 700 167 384 500 216 28 370 221 317 677 4 394 125 136 20 281 698 48 492 262 51 494 154 505 0
3
0 571 0
25
0 165 236 341 490 248 655 561 628 671 629 43 515 143 451 292 662 356 264 443 440 517 142 650 0
22
0 661 695 404 61 237 335 273 408 608 663 315 483 12 658 220 105 417 41 359 1 0
12
0 612 534 640 508 563 190 243 609 562 145 0
12
0 606 148 177 162 343 290 173 308 679 318 0
12
0 441 191 319 615 513 74 32 602 62 518 0
12
0 297 619 115 287 482 509 212 246 351 53 0
9
0 336 149 407 274 31 604 47 0
15
0 346 607 487 587 696 293 166 422 349 496 665 289 247 0
12
0 651 632 333 54 249 553 639 38 23 120 0
10
0 529 19 623 10 627 98 83 208 0
4
0 296 374 0
12
0 556 358 574 271 426 213 469 91 389 282 0
12
0 110 218 263 102 251 171 300 172 503 86 0
12
0 466 616 378 454 480 520 446 376 484 648 0
11
0 558 15 232 486 122 506 254 512 49 0
3
0 621 0
10
0 126 106 152 225 464 22 448 100 0
14
0 85 45 36 526 133 96 200 684 462 638 174 11 0
12
0 385 413 55 432 479 539 642 230 227 595 0
12
0 585 393 634 682 476 276 193 672 214 645 0
12
0 257 388 228 550 108 377 267 355 14 694 0
12
0 502 673 551 549 101 255 544 64 438 589 0
12
0 182 666 372 635 613 543 24 321 261 204 0
12
0 326 192 312 667 680 473 636 183 109 427 0
12
0 643 675 449 633 541 683 689 340 575 498 0
22
0 691 540 241 678 328 87 489 669 398 373 202 137 379 659 414 576 444 450 481 93 0
12
0 418 535 304 104 603 39 160 527 163 465 0
12
0 363 584 630 552 179 620 17 84 429 555 0
12
0 610 656 570 697 210 365 270 235 514 501 0
12
0 566 399 430 488 433 447 265 592 485 660 0
6
0 322 631 381 668 0
7
0 406 368 157 360 316 0
3
0 654 0
7
0 107 164 34 77 278 0
7
0 681 579 239 460 252 0
