100
12
0 382 805 123 288 194 739 716 781 804 676 0
12
0 779 892 314 576 470 899 649 808 674 384 0
22
0 897 746 143 877 952 846 38 841 156 166 717 276 253 703 358 631 352 202 56 666 0
22
0 947 495 602 963 979 550 362 788 377 566 271 302 394 497 35 743 834 46 92 936 0
13
0 402 623 765 510 1 875 18 865 756 527 148 0
21
0 891 333 586 404 17 975 48 306 80 630 162 461 460 662 829 422 254 32 112 0
15
0 473 767 744 693 842 322 770 665 85 526 232 499 689 0
19
0 928 170 214 270 543 713 521 451 433 621 894 494 136 783 108 593 815 0
19
0 637 575 71 706 235 847 110 436 592 440 659 660 4 932 618 619 252 0
5
0 341 854 648 0
12
0 348 130 188 149 268 438 37 185 980 431 0
17
0 625 172 480 370 535 555 265 926 701 832 103 609 428 363 923 0
7
0 397 515 914 210 909 0
12
0 945 990 284 200 727 502 350 191 449 632 0
15
0 820 546 124 75 429 587 901 297 137 444 966 844 747 0
4
0 524 941 0
7
0 624 712 87 478 372 0
22
0 281 925 964 472 995 399 151 165 645 488 242 376 798 357 230 888 817 968 552 866 0
15
0 762 544 296 295 161 726 41 634 757 13 6 481 263 0
19
0 78 792 77 629 277 627 831 64 330 940 248 735 711 90 869 517 43 0
15
0 260 203 447 581 611 753 775 299 518 597 116 830 784 0
9
0 725 867 160 639 249 741 349 0
22
0 759 266 244 710 768 14 972 61 154 94 62 304 264 596 965 228 996 36 84 853 0
22
0 106 551 984 732 231 730 822 878 745 636 673 351 976 778 420 423 366 916 129 286 0
12
0 541 135 361 981 141 455 72 849 328 913 0
7
0 164 380 910 835 229 0
7
0 855 446 67 663 959 0
22
0 22 686 626 155 496 879 204 772 236 598 774 679 889 353 442 884 411 192 556 589 0
12
0 973 564 658 9 303 140 175 927 562 698 0
12
0 900 999 412 347 561 68 220 902 684 642 0
21
0 100 828 885 147 605 977 962 414 490 742 318 567 603 938 582 812 797 425 818 0
23
0 721 848 738 967 870 479 692 985 173 464 52 127 115 280 654 754 308 24 70 709 920 0
22
0 958 908 30 904 800 806 34 728 691 413 206 895 193 105 617 320 729 450 371 139 0
12
0 73 199 685 801 278 355 537 293 401 613 0
12
0 993 240 157 20 209 317 614 60 198 647 0
22
0 810 294 769 107 345 150 933 25 146 780 158 309 26 690 379 389 312 978 57 606 0
12
0 787 946 948 53 283 83 369 734 190 560 0
22
0 118 456 435 215 918 569 97 247 731 534 381 970 29 652 577 282 568 104 594 212 0
12
0 311 785 246 405 441 608 430 872 465 991 0
12
0 559 237 291 86 257 542 682 715 843 171 0
8
0 905 549 942 222 680 445 0
4
0 152 683 0
5
0 956 809 816 0
11
0 40 989 452 604 653 641 917 737 986 0
5
0 833 457 850 0
9
0 109 138 670 610 393 547 378 0
22
0 181 983 852 81 612 11 915 132 354 880 238 327 860 749 241 163 856 776 468 492 0
5
0 511 672 819 0
18
0 218 279 167 331 42 45 368 91 607 504 390 66 890 374 482 558 0
3
0 373 0
12
0 638 764 896 386 799 453 694 239 407 1000 0
12
0 119 793 570 335 528 471 493 553 364 102 0
12
0 912 47 128 195 657 954 758 696 752 375 0
12
0 622 120 233 59 169 773 485 688 633 863 0
12
0 211 356 825 583 574 421 522 12 19 501 0
12
0 934 134 290 205 342 539 838 403 887 498 0
12
0 338 243 305 273 300 23 802 319 669 520 0
12
0 590 705 27 168 599 720 426 409 868 826 0
12
0 911 937 668 944 994 51 969 601 803 415 0
12
0 950 197 919 646 448 584 275 459 533 21 0
12
0 387 811 724 572 939 898 89 186 344 360 0
12
0 751 391 988 529 523 748 79 807 777 227 0
3
0 591 0
11
0 704 714 722 763 408 790 39 992 557 0
12
0 487 259 794 840 187 708 525 565 554 8 0
7
0 836 145 513 69 697 0
7
0 339 821 88 516 201 0
7
0 395 144 671 931 982 0
7
0 656 960 813 292 217 0
5
0 76 287 650 0
6
0 655 585 695 489 0
5
0 324 267 924 0
10
0 824 285 255 298 858 466 131 174 0
4
0 101 262 0
10
0 183 578 536 462 184 512 508 321 0
10
0 616 678 859 326 782 509 530 791 0
16
0 125 82 483 538 503 548 437 63 359 10 929 971 289 491 0
12
0 882 469 628 208 323 761 406 418 531 930 0
22
0 458 579 935 827 336 50 28 476 640 74 434 301 340 580 718 329 922 410 33 245 0
12
0 702 862 419 661 396 857 337 719 861 951 0
10
0 886 906 159 486 142 316 398 921 0
4
0 532 307 0
12
0 795 177 998 55 545 153 400 416 388 839 0
12
0 126 315 463 96 325 955 873 507 505 953 0
11
0 113 571 385 664 224 771 949 439 851 0
13
0 477 54 343 864 5 251 540 189 114 755 334 0
15
0 635 514 424 874 15 467 474 49 258 367 760 310 789 0
5
0 93 225 31 0
26
0 750 223 196 332 595 903 974 427 58 269 256 178 506 786 997 417 588 44 179 432 500 98 95 573 0
12
0 837 677 723 823 226 272 484 16 961 443 0
10
0 736 3 644 871 740 261 383 365 0
4
0 733 7 0
12
0 346 845 766 957 667 943 117 392 699 883 0
7
0 643 563 675 2 907 0
7
0 182 234 133 796 313 0
12
0 65 180 620 216 250 700 176 274 519 987 0
9
0 681 111 213 881 219 687 876 0
5
0 121 600 99 0
9
0 207 454 122 707 651 814 221 0
5
0 475 615 893 0
