40
10
0 3 64 2 149 85 259 207 81 0
4
0 87 183 0
12
0 294 386 187 362 343 254 392 253 245 335 0
22
0 136 206 325 145 198 89 139 37 147 28 379 279 365 58 82 357 315 105 122 296 0
22
0 70 94 234 228 284 277 131 282 36 208 77 272 251 388 177 384 332 35 130 158 0
12
0 212 160 51 62 26 339 353 23 209 359 0
13
0 30 241 156 400 317 224 377 6 186 240 220 0
9
0 355 190 383 223 352 387 165 0
8
0 128 17 20 69 232 193 0
18
0 78 120 90 159 252 27 373 47 349 44 243 356 314 173 237 161 0
12
0 288 331 390 57 286 96 222 281 66 229 0
12
0 292 86 109 110 328 273 348 310 319 169 0
12
0 56 24 344 106 162 121 114 211 306 32 0
12
0 41 5 40 389 280 14 340 336 398 283 0
12
0 231 248 305 326 270 381 391 127 341 73 0
12
0 274 10 372 371 367 393 194 197 123 215 0
12
0 137 68 181 174 301 97 370 182 323 354 0
12
0 318 99 29 380 337 166 93 218 144 75 0
22
0 180 34 256 55 142 303 53 63 171 196 115 271 164 133 117 275 347 302 179 140 0
12
0 92 125 8 214 242 91 255 203 368 247 0
12
0 216 363 316 167 307 329 375 79 266 295 0
5
0 217 327 18 0
9
0 250 308 324 376 95 48 170 0
7
0 101 396 107 298 16 0
7
0 188 67 43 195 345 0
12
0 84 311 358 178 244 261 202 304 397 49 0
11
0 399 185 151 31 265 205 172 369 13 0
13
0 289 238 116 189 374 52 176 157 9 22 246 0
16
0 152 249 83 100 12 72 134 15 268 334 239 258 191 74 0
18
0 342 235 290 46 71 119 54 111 33 227 321 146 338 291 60 98 0
12
0 65 108 113 350 267 76 168 153 61 210 0
12
0 382 364 309 124 385 104 141 21 293 112 0
12
0 42 126 257 285 378 297 269 260 103 143 0
12
0 118 322 395 184 135 199 175 88 129 138 0
12
0 221 333 233 236 262 360 19 213 102 351 0
12
0 38 219 59 155 225 346 361 278 299 148 0
12
0 312 200 45 25 287 366 7 154 4 204 0
12
0 163 226 263 11 300 330 150 320 264 313 0
8
0 80 394 39 230 201 1 0
6
0 50 276 192 132 0
