20
11
0 159 141 139 146 137 144 138 143 45 0
13
0 70 71 73 75 80 76 142 77 74 78 79 0
12
0 186 72 199 145 89 198 104 43 81 185 0
12
0 112 109 110 118 34 103 111 108 58 136 0
13
0 200 41 37 15 46 188 194 13 187 39 40 0
11
0 113 44 84 82 88 11 85 26 38 0
12
0 42 115 86 35 17 16 31 177 120 29 0
12
0 19 21 18 23 20 22 192 184 105 195 0
12
0 36 33 25 83 30 60 149 150 91 193 0
12
0 190 174 117 123 114 119 121 14 122 28 0
12
0 147 151 157 155 153 156 175 154 152 87 0
12
0 68 179 64 124 169 63 148 178 173 90 0
12
0 176 171 61 67 170 65 59 69 66 189 0
12
0 62 172 116 32 2 56 54 12 6 140 0
12
0 10 7 9 4 1 3 27 55 52 106 0
12
0 51 49 8 48 53 107 24 50 94 96 0
12
0 99 95 93 100 102 97 101 92 183 191 0
11
0 5 57 98 180 47 167 162 164 161 0
13
0 166 165 168 163 158 160 182 197 181 126 131 0
12
0 129 133 127 132 135 128 130 125 134 196 0
