50
12
0 437 344 375 343 316 324 454 386 319 424 0
12
0 314 317 323 315 320 321 318 328 327 313 0
12
0 325 482 382 427 423 232 238 223 228 234 0
12
0 225 226 239 231 149 230 465 224 136 143 0
12
0 134 137 138 213 219 209 206 208 210 216 0
12
0 220 217 207 218 214 222 211 399 77 94 0
12
0 84 472 95 91 459 255 93 88 86 246 0
12
0 248 258 242 244 190 251 247 249 250 252 0
12
0 253 256 370 257 403 245 404 426 453 87 0
12
0 90 481 191 243 204 189 196 276 193 195 0
12
0 201 203 198 272 200 197 202 187 192 194 0
12
0 254 260 265 268 275 271 274 263 199 259 0
12
0 264 44 57 52 56 55 39 49 45 47 0
12
0 54 41 51 477 48 53 495 42 241 485 0
12
0 500 475 89 80 78 79 83 377 81 85 0
12
0 82 367 491 371 470 484 177 127 178 179 0
12
0 180 117 499 115 130 116 175 126 121 122 0
12
0 123 125 172 128 170 120 414 185 176 171 0
12
0 184 129 124 119 181 376 174 372 182 173 0
12
0 169 183 440 378 476 445 497 447 420 449 0
12
0 389 486 387 410 451 425 278 406 286 287 0
12
0 281 285 288 71 284 60 105 12 99 110 0
12
0 111 19 96 7 13 2 1 8 17 102 0
12
0 114 106 112 97 103 109 11 10 6 98 0
12
0 394 15 100 113 104 413 108 291 280 487 0
12
0 294 283 72 282 73 292 473 349 360 279 0
12
0 293 356 373 354 65 62 66 64 76 358 0
12
0 58 74 75 351 430 462 63 68 70 69 0
12
0 61 67 380 59 290 289 101 480 3 9 0
12
0 14 4 16 18 400 118 186 132 450 131 0
12
0 463 479 438 212 215 442 397 205 142 140 0
12
0 147 148 133 392 227 146 144 150 240 135 0
12
0 141 145 237 236 235 139 417 368 233 396 0
12
0 418 374 441 188 273 262 266 267 269 261 0
12
0 466 443 444 43 395 478 422 270 92 471 0
12
0 46 50 40 412 455 436 452 428 431 388 0
13
0 498 489 464 432 402 411 468 312 310 296 305 0
11
0 300 298 299 301 302 304 306 309 308 0
12
0 461 297 307 457 415 446 365 352 361 469 0
12
0 357 362 350 359 363 383 355 353 366 364 0
12
0 277 107 393 407 496 419 398 5 474 166 0
12
0 155 161 460 164 156 158 159 163 152 154 0
12
0 167 153 168 162 151 160 165 369 409 157 0
12
0 433 483 390 405 384 488 439 322 326 329 0
12
0 330 338 335 23 331 339 342 346 348 416 0
12
0 333 336 20 24 337 334 379 421 332 32 0
12
0 36 345 341 347 22 21 340 25 401 29 0
12
0 30 31 33 26 37 35 28 34 38 27 0
12
0 458 229 493 385 492 429 221 490 434 448 0
12
0 467 494 408 435 391 295 303 311 456 381 0
