90
12
0 510 869 503 882 604 843 891 617 759 505 0
12
0 810 589 678 679 16 854 666 650 239 525 0
12
0 764 864 384 381 377 386 387 378 380 521 0
12
0 383 722 379 347 857 353 341 350 754 763 0
12
0 351 495 779 515 85 74 78 794 853 83 0
12
0 77 84 535 102 69 154 70 715 82 520 0
12
0 841 766 80 850 166 73 81 161 155 162 0
12
0 167 771 100 96 97 86 88 425 89 168 0
12
0 79 71 626 159 157 160 164 90 165 423 0
12
0 95 158 708 751 19 156 163 627 783 170 0
12
0 169 99 91 94 422 428 734 434 92 791 0
12
0 87 555 608 430 431 93 421 424 426 454 0
12
0 427 458 452 453 459 461 463 465 455 460 0
12
0 466 797 837 464 487 542 800 793 636 681 0
12
0 705 823 830 565 868 548 557 601 668 756 0
12
0 773 591 554 808 538 72 75 540 541 537 0
12
0 98 858 76 607 770 743 656 736 619 558 0
12
0 342 346 354 860 343 344 348 352 711 892 0
12
0 340 355 738 871 349 600 345 53 374 529 0
12
0 575 671 372 112 701 111 373 376 119 382 0
12
0 700 103 109 625 104 113 489 115 106 116 0
12
0 114 772 501 375 385 592 767 549 107 110 0
12
0 822 494 874 523 706 616 359 360 358 580 0
12
0 856 877 553 782 305 291 630 298 290 297 0
12
0 292 304 741 694 105 295 809 602 296 583 0
12
0 294 300 718 639 620 792 863 883 776 842 0
12
0 662 769 827 867 814 236 665 232 225 222 0
12
0 237 223 556 227 233 581 226 231 693 550 0
12
0 402 530 398 399 394 393 390 400 395 803 0
12
0 396 397 502 388 389 416 492 406 407 412 0
12
0 391 401 417 403 324 392 862 740 638 733 0
12
0 228 894 230 545 737 720 745 691 686 889 0
12
0 646 418 419 404 410 413 522 405 414 692 0
12
0 408 415 409 411 41 43 37 716 490 49 0
12
0 46 44 35 47 48 50 45 51 258 504 0
12
0 546 40 38 264 571 622 821 263 269 256 0
12
0 267 266 259 36 260 271 533 526 817 888 0
12
0 270 509 687 262 897 261 265 140 879 144 0
12
0 141 150 137 735 177 171 443 513 657 187 0
12
0 712 180 172 179 175 186 328 750 497 851 0
12
0 182 327 469 185 338 173 664 339 332 699 0
12
0 176 445 337 577 448 846 567 562 194 440 0
12
0 802 506 220 209 818 206 214 205 7 10 0
12
0 211 219 210 310 519 316 317 314 321 308 0
12
0 323 649 307 315 312 311 313 320 318 319 0
12
0 309 322 829 676 201 283 197 27 198 275 0
12
0 484 278 279 285 273 25 274 28 30 202 0
12
0 31 18 23 34 189 673 22 24 200 204 0
12
0 196 33 191 486 280 289 192 331 29 286 0
12
0 26 20 32 456 462 101 819 875 429 433 0
12
0 621 828 435 727 527 420 432 467 457 729 0
12
0 203 780 789 281 730 717 193 836 284 499 0
12
0 531 330 333 647 282 439 287 188 658 334 0
12
0 574 335 336 723 778 325 183 893 174 470 0
12
0 477 468 474 475 482 483 473 632 651 757 0
12
0 584 725 855 831 532 845 704 576 587 108 0
12
0 118 42 246 655 528 870 895 117 680 890 0
12
0 859 696 563 633 663 594 243 245 252 590 0
12
0 599 55 507 547 570 648 865 813 54 56 0
12
0 125 129 795 130 60 134 876 63 62 67 0
12
0 784 798 58 512 66 804 641 52 68 122 0
12
0 124 59 123 126 135 136 61 131 120 240 0
12
0 247 251 250 669 254 654 742 598 132 121 0
12
0 884 133 731 127 826 719 64 585 57 65 0
12
0 852 832 887 849 739 898 128 552 645 242 0
12
0 674 544 833 518 840 498 799 500 566 514 0
12
0 816 768 612 488 593 749 508 551 746 613 0
12
0 714 866 688 569 241 248 255 249 244 610 0
12
0 517 652 659 624 861 774 579 661 667 493 0
12
0 839 765 568 785 881 698 899 534 761 752 0
12
0 637 578 629 640 362 605 366 356 363 369 0
12
0 368 370 615 357 361 367 371 820 724 524 0
12
0 631 880 145 777 148 472 143 606 710 139 0
12
0 643 184 178 329 848 326 511 438 449 573 0
12
0 728 21 618 446 447 451 747 442 441 207 0
12
0 212 790 4 216 6 3 5 11 14 675 0
12
0 2 8 15 208 215 218 17 9 690 213 0
12
0 13 12 1 896 437 436 450 217 543 559 0
12
0 707 221 787 732 597 781 485 762 824 536 0
12
0 561 491 697 815 689 684 582 660 670 444 0
12
0 695 496 611 775 672 726 653 181 147 478 0
12
0 480 835 758 713 268 635 807 753 614 744 0
12
0 564 811 844 588 801 806 481 476 721 199 0
12
0 195 838 685 812 277 190 276 288 872 471 0
12
0 479 365 151 516 152 138 788 142 149 596 0
12
0 257 786 272 153 146 755 586 364 900 299 0
12
0 595 677 873 825 301 628 293 303 306 302 0
12
0 253 235 796 560 224 238 229 234 609 702 0
12
0 603 709 642 703 39 539 682 760 834 886 0
12
0 683 634 878 847 572 805 644 748 623 885 0
