25
22
0 449 472 61 54 64 319 60 57 401 103 51 49 59 63 62 53 56 213 436 428 0
22
0 208 201 202 205 206 210 211 212 455 203 406 207 467 360 375 448 410 492 397 475 0
22
0 435 317 350 469 407 395 389 379 367 434 387 353 373 252 259 246 451 188 190 191 0
22
0 463 250 254 308 256 251 247 260 476 483 257 361 195 186 197 193 192 224 412 66 0
22
0 2 235 245 10 70 72 74 78 8 3 1 6 79 221 73 229 75 139 332 67 0
22
0 217 77 218 222 443 219 369 7 15 5 14 11 76 129 12 16 127 225 327 4 0
22
0 9 13 226 71 227 241 230 228 232 386 244 231 238 240 187 242 243 142 151 200 0
22
0 189 148 152 19 141 144 390 80 153 149 328 146 388 255 150 145 339 473 499 431 0
22
0 88 498 331 307 338 89 408 159 160 156 170 165 166 157 168 158 163 167 164 343 0
22
0 495 161 162 169 474 381 92 277 409 82 430 94 87 93 95 83 81 84 374 90 0
22
0 91 85 86 314 329 340 378 485 404 394 415 113 411 311 306 416 336 417 236 154 0
22
0 302 295 279 286 287 288 276 304 296 285 282 294 293 298 303 297 291 429 290 370 0
22
0 292 278 301 365 274 346 354 442 261 486 345 264 269 263 262 268 265 275 266 271 0
22
0 270 273 267 272 114 112 118 478 117 111 115 333 326 122 355 124 424 315 433 403 0
22
0 119 120 466 352 487 116 321 121 123 125 494 356 421 471 399 368 418 438 493 432 0
22
0 396 349 310 423 351 330 47 34 38 39 325 48 45 46 33 44 36 40 43 42 0
22
0 37 425 41 440 30 23 147 22 28 17 21 29 174 18 20 26 182 27 31 377 0
22
0 178 179 24 137 126 135 216 405 130 427 134 132 324 445 400 177 173 175 180 176 0
22
0 184 32 181 172 128 183 131 136 138 454 140 133 223 220 25 309 382 462 335 480 0
22
0 233 68 237 69 239 481 234 491 341 155 143 198 372 459 258 253 347 439 359 456 0
22
0 453 196 344 437 371 214 342 477 413 364 414 194 450 402 426 422 380 384 441 284 0
23
0 363 458 299 484 280 391 479 468 313 385 490 447 464 500 312 392 305 281 446 300 65 0
21
0 289 283 348 496 497 470 461 199 452 318 457 248 249 393 482 99 97 101 50 0
22
0 52 106 102 104 109 58 108 110 358 105 55 357 488 96 107 100 98 215 204 209 0
22
0 322 171 185 420 398 465 489 334 362 337 460 323 35 316 366 444 419 383 376 320 0
