25
22
0 4 8 207 7 121 198 200 206 299 196 304 12 11 446 197 201 393 420 400 205 0
22
0 203 225 419 443 458 491 221 212 208 219 209 211 216 210 218 213 347 257 287 337 0
22
0 271 406 85 91 82 80 90 84 81 86 87 32 155 215 330 405 217 462 382 484 0
22
0 334 283 412 497 243 329 340 469 416 83 79 89 439 464 366 266 260 482 415 229 0
22
0 298 37 31 33 88 27 476 35 36 29 422 241 38 468 39 34 30 318 423 490 0
22
0 355 449 354 351 447 268 312 309 311 444 321 457 326 353 273 499 364 365 293 239 0
22
0 414 399 437 357 352 264 459 339 129 483 127 381 124 120 118 125 295 119 188 3 0
15
0 470 389 128 190 130 463 479 135 392 429 139 137 140 0
27
0 131 141 136 411 138 142 259 132 134 303 328 436 277 368 133 421 254 310 494 13 1 6 9 244 10 0
24
0 2 290 5 199 359 370 249 227 272 332 228 61 220 349 65 59 467 60 64 454 465 54 0
22
0 55 56 58 62 53 63 306 296 320 336 307 107 445 428 495 111 109 106 108 114 0
22
0 117 105 460 116 113 247 115 394 110 112 300 402 485 493 286 263 240 316 363 322 0
22
0 372 413 438 448 425 348 388 453 319 251 269 371 500 224 369 67 376 481 181 343 0
22
0 175 176 231 171 177 172 267 418 178 170 234 478 471 66 350 75 409 69 173 391 0
24
0 360 70 76 180 377 74 77 385 72 440 78 232 323 305 427 455 390 489 315 378 374 487 0
20
0 401 435 282 68 253 182 288 174 480 179 397 358 14 20 22 23 18 15 0
22
0 24 25 21 26 19 16 274 226 255 417 387 472 473 233 317 496 278 342 461 452 0
22
0 46 242 42 44 434 297 223 49 41 43 48 45 51 52 430 164 47 160 158 159 0
22
0 165 166 167 157 380 146 474 154 153 214 151 156 17 335 280 424 50 161 40 148 0
22
0 379 441 261 488 442 252 144 150 147 145 149 152 450 356 162 361 314 236 383 410 0
22
0 327 275 498 204 202 258 433 346 73 325 57 289 367 238 276 235 285 396 466 324 0
22
0 250 398 222 294 386 475 248 362 71 301 281 408 183 187 375 126 195 193 192 456 0
22
0 185 344 184 194 403 191 186 404 143 262 302 384 189 345 331 308 492 122 237 123 0
22
0 395 432 313 28 102 284 104 292 333 426 95 338 93 100 94 101 97 92 96 103 0
22
0 431 341 98 407 486 99 373 270 279 265 477 246 256 451 168 230 245 169 163 291 0
