50
12
0 12 7 19 20 22 23 24 297 1 21 0
12
0 2 3 49 263 246 358 13 393 16 5 0
12
0 4 10 8 413 11 6 9 15 14 18 0
12
0 25 469 411 272 376 261 377 274 341 30 0
12
0 453 37 43 38 29 35 36 27 26 31 0
12
0 32 298 40 39 42 299 317 46 45 41 0
12
0 47 33 28 50 48 44 300 353 430 354 0
20
0 325 350 118 112 100 108 101 106 115 485 110 277 123 105 113 107 117 121 0
14
0 119 471 282 318 431 457 500 287 434 310 281 255 0
12
0 259 418 148 427 103 111 384 114 104 116 0
12
0 102 109 120 432 416 426 443 309 477 258 0
12
0 322 369 324 359 450 466 215 290 436 295 0
12
0 159 467 305 343 493 488 372 415 481 447 0
12
0 352 390 437 275 336 208 211 388 203 209 0
12
0 216 207 217 198 196 199 441 412 197 212 0
12
0 239 200 92 202 395 96 439 387 99 95 0
12
0 462 91 374 90 84 262 94 265 248 313 0
12
0 253 329 280 424 346 486 398 409 454 286 0
12
0 81 401 410 365 414 279 332 445 499 351 0
12
0 394 455 468 371 342 308 301 420 143 147 0
12
0 124 144 129 135 136 137 139 74 73 54 0
12
0 470 57 56 254 58 59 65 128 68 264 0
12
0 444 61 64 66 52 72 53 451 131 67 0
12
0 17 126 326 133 448 323 125 142 382 347 0
12
0 130 127 285 134 339 316 362 396 252 260 0
12
0 256 304 182 456 173 183 276 472 176 284 0
12
0 185 192 175 190 188 194 172 177 181 178 0
12
0 327 186 483 379 187 179 180 189 174 195 0
12
0 348 460 193 307 498 344 400 385 458 306 0
12
0 87 89 93 80 82 88 85 86 78 83 0
12
0 97 79 76 463 319 206 219 204 218 201 0
12
0 214 213 269 205 328 386 405 165 153 155 0
12
0 149 154 162 152 164 166 171 145 156 161 0
12
0 169 122 170 160 151 257 158 461 163 167 0
12
0 389 157 150 168 288 227 404 337 378 370 0
12
0 340 361 223 267 237 236 238 331 220 221 0
12
0 222 232 241 345 240 228 425 233 224 459 0
12
0 283 491 242 226 367 243 440 428 479 373 0
12
0 338 296 235 429 234 229 422 184 225 230 0
12
0 231 490 311 402 292 291 266 141 497 433 0
12
0 474 268 375 438 321 245 303 51 62 452 0
12
0 75 69 60 55 63 71 140 349 146 289 0
12
0 417 138 397 419 383 333 484 480 294 293 0
12
0 407 249 244 356 399 191 473 489 465 421 0
12
0 478 273 330 368 449 335 442 70 302 357 0
12
0 391 77 98 475 355 408 406 320 247 250 0
12
0 494 271 315 435 314 366 363 360 403 270 0
12
0 492 446 380 392 251 487 364 482 464 312 0
8
0 34 476 278 423 334 210 0
6
0 496 381 495 132 0
