100
12
0 703 821 22 988 23 797 21 24 20 35 0
12
0 31 36 32 34 25 698 865 30 27 296 0
12
0 297 19 28 295 291 298 664 303 299 294 0
12
0 304 659 293 755 916 300 712 878 301 881 0
12
0 898 894 767 935 639 777 672 746 643 852 0
12
0 856 706 261 262 254 260 341 263 17 253 0
12
0 412 1 12 258 10 906 593 259 265 827 0
12
0 619 799 268 343 16 344 117 355 348 264 0
12
0 340 116 339 352 255 2 8 14 267 353 0
12
0 5 921 18 266 6 350 346 347 740 124 0
12
0 113 118 114 111 122 126 125 123 709 121 0
12
0 119 115 110 667 962 631 1000 809 52 44 0
12
0 51 795 53 37 50 48 624 40 43 45 0
12
0 74 381 310 314 320 318 307 379 733 376 0
12
0 384 386 374 387 382 385 711 316 383 388 0
12
0 375 389 373 377 606 313 380 311 753 317 0
12
0 319 378 909 764 42 957 39 868 41 47 0
12
0 847 947 54 968 978 610 964 675 972 38 0
12
0 776 668 854 757 661 781 752 705 241 996 0
12
0 829 73 312 83 199 209 251 731 201 215 0
12
0 203 238 81 202 80 205 200 210 244 214 0
12
0 239 207 243 77 322 329 247 325 323 86 0
12
0 333 713 920 336 252 328 327 662 727 857 0
12
0 837 673 109 760 994 11 120 351 354 342 0
12
0 998 650 345 626 872 663 479 918 759 791 0
12
0 671 725 896 914 848 802 748 819 666 632 0
12
0 874 617 603 889 463 751 575 392 397 686 0
12
0 391 394 395 404 398 177 986 399 390 929 0
12
0 913 692 741 742 810 955 393 814 735 822 0
12
0 922 620 902 991 976 623 783 614 974 651 0
12
0 683 468 866 657 963 472 466 459 458 172 0
12
0 825 469 718 560 564 561 696 576 763 566 0
12
0 462 221 234 595 887 219 220 227 223 222 0
12
0 228 232 217 919 218 237 655 231 233 597 0
12
0 229 230 225 526 224 529 536 537 531 769 0
12
0 527 530 532 533 534 542 880 170 178 167 0
12
0 163 180 480 165 176 171 461 476 477 489 0
12
0 714 648 596 174 826 487 490 658 653 980 0
12
0 539 179 164 565 938 568 528 732 474 697 0
12
0 538 535 979 993 842 570 470 563 467 574 0
12
0 571 678 464 572 460 567 471 486 473 90 0
12
0 569 638 482 691 573 491 635 660 959 946 0
12
0 882 481 940 853 483 690 739 485 778 166 0
12
0 478 169 488 540 168 541 870 475 600 484 0
12
0 838 883 544 545 553 555 430 557 546 558 0
12
0 550 721 794 932 983 559 554 641 936 943 0
12
0 875 702 612 858 780 823 615 773 915 607 0
12
0 975 774 3 269 9 687 629 15 598 877 0
12
0 869 981 803 656 901 798 892 402 715 701 0
12
0 396 804 406 973 401 400 403 677 601 873 0
12
0 982 324 335 630 816 332 331 334 831 75 0
12
0 76 84 428 899 78 79 82 85 88 250 0
12
0 248 338 337 240 242 89 249 245 87 861 0
12
0 594 808 676 992 771 910 326 330 708 779 0
12
0 879 928 246 211 206 216 212 208 204 747 0
12
0 236 235 608 903 754 961 213 911 724 276 0
12
0 839 271 273 284 286 775 272 277 278 884 0
12
0 951 275 282 274 283 704 694 625 689 670 0
12
0 695 800 647 602 768 524 640 509 516 510 0
12
0 522 511 512 519 518 55 520 517 514 609 0
12
0 840 521 525 49 860 871 950 793 515 46 0
12
0 700 801 990 306 315 977 321 309 305 987 0
12
0 674 308 832 627 835 761 634 26 850 465 0
12
0 29 93 94 33 104 96 130 129 131 136 0
12
0 995 292 710 137 127 135 138 128 141 143 0
12
0 140 142 132 133 134 102 92 897 95 98 0
12
0 101 108 99 107 91 97 100 105 103 106 0
12
0 604 144 139 790 750 805 787 984 737 728 0
12
0 507 699 65 69 851 70 669 68 888 56 0
12
0 745 945 61 513 62 182 443 789 188 57 0
12
0 71 192 195 194 441 685 60 63 189 72 0
12
0 58 198 716 181 508 187 499 500 190 495 0
12
0 67 64 183 197 503 193 618 185 66 738 0
12
0 818 939 785 652 729 933 150 770 885 152 0
12
0 688 762 145 148 153 154 156 766 895 159 0
12
0 160 162 161 155 934 151 409 417 414 175 0
12
0 421 411 410 418 416 420 423 408 407 926 0
12
0 588 646 590 846 864 577 578 580 583 589 0
12
0 792 581 586 419 582 585 592 257 587 551 0
12
0 543 591 413 636 744 772 807 948 941 548 0
12
0 765 836 999 681 782 997 912 645 649 665 0
12
0 788 811 13 743 270 7 859 843 970 927 0
12
0 723 758 447 965 449 457 448 456 437 446 0
12
0 452 454 455 905 59 186 191 184 196 451 0
12
0 969 444 445 820 450 622 876 453 845 719 0
12
0 149 796 147 146 158 989 736 824 904 256 0
12
0 890 584 415 717 157 867 680 812 958 952 0
12
0 349 917 4 112 937 931 855 953 954 749 0
12
0 841 637 891 642 288 290 302 684 784 863 0
12
0 289 949 599 828 494 806 492 498 501 502 0
12
0 504 505 506 908 493 679 496 497 966 960 0
12
0 720 616 611 844 693 422 682 930 633 849 0
12
0 579 547 907 549 556 834 815 621 562 726 0
12
0 862 722 605 967 830 363 425 356 366 357 0
12
0 365 370 372 369 360 364 359 362 368 424 0
12
0 944 971 613 371 628 442 433 358 361 833 0
12
0 707 226 439 985 427 942 552 426 429 431 0
12
0 432 367 434 440 786 173 436 435 438 900 0
12
0 405 956 730 644 523 813 886 734 817 924 0
12
0 287 279 285 893 925 923 281 654 756 280 0
