10
22
0 183 146 196 101 178 132 151 76 72 186 78 69 185 83 71 79 73 70 77 75 0
22
0 82 84 74 95 93 92 90 96 89 100 163 99 193 98 87 171 166 91 94 125 0
22
0 80 81 85 145 153 195 128 165 129 158 194 119 136 130 138 88 97 154 198 156 0
22
0 169 161 172 147 123 191 176 155 131 141 127 2 10 5 1 8 3 103 12 15 0
22
0 7 16 102 6 112 107 105 109 111 115 117 104 106 113 173 197 9 137 13 14 0
22
0 167 126 11 184 4 17 110 108 116 174 140 121 150 189 160 175 180 200 148 53 0
23
0 56 52 68 57 62 64 61 63 54 55 66 59 60 67 58 182 114 190 188 192 149 0
21
0 152 143 65 187 139 159 157 142 40 45 39 38 25 42 49 50 36 179 37 0
22
0 51 46 41 44 35 164 43 47 134 31 27 29 19 24 28 122 20 32 34 170 0
22
0 26 18 22 23 33 30 168 21 48 181 162 133 124 135 177 144 120 199 118 86 0
