70
12
0 4 14 11 15 677 7 3 10 5 109 0
12
0 549 2 98 105 96 484 100 101 8 461 0
12
0 374 362 372 367 380 687 40 371 16 19 0
12
0 337 554 46 49 43 47 51 52 266 410 0
12
0 256 406 253 44 55 259 258 384 417 6 0
12
0 261 226 391 389 260 264 641 392 397 611 0
12
0 517 257 395 624 442 396 385 276 248 249 0
12
0 223 211 213 215 272 221 218 216 269 225 0
12
0 465 280 275 282 561 273 277 228 270 267 0
12
0 268 285 210 700 559 490 495 365 369 373 0
12
0 584 697 671 589 489 363 443 368 567 370 0
12
0 378 364 366 527 377 403 625 219 222 278 0
12
0 405 413 394 401 407 575 217 400 404 262 0
12
0 592 255 402 411 379 41 45 500 414 42 0
12
0 48 415 416 537 250 265 409 274 382 386 0
12
0 388 398 452 399 279 252 220 387 214 284 0
12
0 463 224 263 393 271 408 227 667 669 283 0
12
0 381 390 460 636 310 483 281 582 583 479 0
12
0 674 436 577 504 631 308 315 322 323 312 0
12
0 306 94 130 79 89 90 77 78 120 317 0
12
0 119 133 311 194 85 88 83 86 82 87 0
12
0 196 205 122 209 91 532 197 198 200 201 0
12
0 444 206 620 576 81 92 93 80 191 125 0
12
0 118 124 131 132 126 116 542 115 117 121 0
12
0 127 128 199 501 202 573 508 581 619 142 0
12
0 526 146 678 145 148 139 136 147 138 141 0
12
0 152 149 151 652 134 143 137 144 135 140 0
12
0 499 150 528 192 204 207 195 203 84 607 0
12
0 556 650 627 656 186 178 180 175 184 182 0
12
0 173 616 172 685 506 241 174 336 247 237 0
12
0 245 231 240 239 234 236 230 329 574 246 0
12
0 486 673 623 464 590 571 455 519 546 467 0
12
0 558 562 539 614 451 698 634 433 434 605 0
12
0 422 538 654 468 552 429 427 445 418 421 0
12
0 423 428 430 432 424 435 695 426 514 648 0
12
0 693 69 70 59 71 360 72 346 58 551 0
12
0 65 60 73 68 63 74 64 353 75 66 0
12
0 359 355 349 343 350 357 459 358 617 344 0
12
0 688 630 356 352 347 351 354 62 67 345 0
12
0 361 638 61 425 419 621 420 658 289 286 0
12
0 295 287 292 296 290 288 293 597 301 302 0
12
0 294 297 304 662 447 291 299 512 692 303 0
12
0 622 482 76 596 450 348 644 523 612 487 0
12
0 534 453 545 681 254 602 466 657 686 471 0
12
0 438 675 690 699 600 440 679 521 190 179 0
12
0 181 637 176 183 187 680 570 177 189 188 0
12
0 185 541 540 668 660 646 477 208 651 632 0
12
0 642 498 565 480 449 525 691 613 684 563 0
12
0 375 123 112 300 113 110 579 601 492 553 0
12
0 114 457 103 108 102 104 106 591 555 97 0
12
0 476 439 107 99 497 485 593 491 454 20 0
12
0 27 28 26 30 35 21 22 23 29 31 0
12
0 33 25 24 34 633 169 155 158 159 156 0
12
0 171 166 164 168 170 513 161 157 649 154 0
12
0 153 162 165 437 475 503 535 629 474 608 0
12
0 520 557 529 507 683 610 488 603 36 664 0
12
0 37 32 659 560 516 604 469 530 473 496 0
12
0 111 38 696 163 167 160 676 689 628 462 0
12
0 536 588 510 212 640 17 672 599 509 13 0
12
0 12 1 56 54 57 251 472 663 53 598 0
12
0 458 578 694 568 543 666 456 50 645 383 0
12
0 9 18 448 572 412 505 618 511 682 309 0
12
0 314 318 319 305 316 307 320 321 595 313 0
12
0 193 129 569 502 615 238 653 243 244 325 0
12
0 332 233 242 324 326 328 340 232 327 338 0
12
0 342 331 330 341 229 334 515 586 670 235 0
12
0 335 441 333 533 494 580 626 643 606 470 0
12
0 544 339 550 585 609 524 518 647 564 376 0
12
0 298 665 661 446 594 431 481 587 548 566 0
12
0 39 522 635 493 547 478 639 531 655 95 0
