70
12
0 345 574 399 393 652 381 576 519 332 192 0
12
0 338 190 607 188 31 191 183 647 195 661 0
12
0 216 93 602 187 197 199 182 194 416 587 0
12
0 214 186 198 181 451 57 643 670 597 185 0
12
0 59 409 600 189 60 72 61 62 67 470 0
12
0 196 531 700 210 56 447 213 202 344 486 0
12
0 539 579 439 557 363 605 429 673 277 272 0
12
0 316 284 366 270 278 280 23 25 184 28 0
12
0 269 283 274 279 282 36 275 471 549 29 0
12
0 285 308 508 276 281 304 610 313 309 667 0
12
0 305 478 319 306 303 311 307 369 489 359 0
12
0 494 685 493 408 520 507 567 532 441 169 0
12
0 534 177 165 168 423 164 171 172 174 163 0
12
0 173 95 97 566 499 484 634 562 533 612 0
12
0 342 599 435 110 530 119 400 448 123 116 0
12
0 546 333 376 433 596 124 122 692 113 114 0
12
0 115 117 112 120 126 551 109 121 340 537 0
12
0 680 675 118 691 449 125 111 361 529 657 0
12
0 365 438 618 358 459 452 315 317 454 310 0
12
0 334 487 575 669 565 535 526 626 418 483 0
12
0 193 201 207 208 205 200 204 209 206 590 0
12
0 212 203 215 660 651 327 558 646 374 636 0
12
0 538 627 396 481 540 406 411 401 681 176 0
12
0 166 170 179 180 594 175 388 178 167 591 0
12
0 450 521 515 455 606 666 350 356 563 34 0
12
0 466 541 641 312 422 314 35 405 581 458 0
11
0 32 609 21 20 22 24 26 27 377 0
3
0 693 0
12
0 698 677 593 417 318 460 271 582 527 346 0
12
0 655 273 695 648 69 491 88 352 617 637 0
12
0 79 90 80 157 81 73 89 87 86 74 0
12
0 555 621 645 679 237 149 456 560 37 226 0
12
0 536 150 407 542 159 146 160 353 83 683 0
12
0 337 525 398 151 153 152 155 497 162 500 0
12
0 75 85 158 77 78 252 76 84 266 262 0
12
0 258 463 642 82 391 437 573 572 390 341 0
12
0 496 63 55 58 65 616 697 68 66 211 0
12
0 604 506 403 385 649 619 392 611 287 286 0
12
0 289 325 297 294 300 288 598 630 357 413 0
12
0 547 580 654 608 440 426 64 70 445 552 0
12
0 498 19 224 227 474 234 230 229 231 222 0
12
0 220 360 583 550 678 516 638 663 378 446 0
12
0 436 16 694 320 482 3 5 7 9 615 0
12
0 467 6 328 431 629 18 468 355 238 622 0
12
0 145 601 480 242 248 348 386 628 543 415 0
12
0 632 469 11 1 524 13 10 14 147 414 0
12
0 492 8 12 17 4 15 425 371 235 247 0
12
0 245 241 249 251 243 577 250 240 688 427 0
12
0 490 505 514 472 246 379 461 326 244 656 0
12
0 556 564 389 420 331 387 453 569 233 219 0
12
0 217 221 223 228 232 225 144 33 323 380 0
12
0 464 428 528 30 639 135 129 589 503 635 0
12
0 128 133 141 127 132 143 136 130 218 501 0
12
0 131 137 561 138 465 633 658 674 142 354 0
12
0 659 553 397 504 495 585 571 671 559 640 0
22
0 140 644 139 134 696 434 373 372 236 367 384 668 443 339 430 672 686 544 510 586 0
12
0 584 603 690 2 351 614 570 653 462 513 0
12
0 485 509 650 335 402 623 444 682 71 511 0
12
0 419 239 624 404 662 343 523 349 362 410 0
12
0 432 476 548 676 473 329 595 321 554 322 0
12
0 47 588 53 299 301 295 290 296 293 52 0
12
0 302 421 298 394 265 518 292 42 46 665 0
12
0 39 43 38 41 44 40 49 48 45 664 0
12
0 370 50 54 475 545 684 502 382 689 156 0
12
0 148 161 347 253 267 375 568 364 260 256 0
12
0 254 261 264 51 255 257 259 457 268 442 0
12
0 263 517 291 479 477 592 631 395 154 368 0
12
0 336 108 620 104 512 91 94 98 106 96 0
12
0 100 101 107 699 105 687 324 412 92 99 0
12
0 488 383 578 424 625 330 522 613 102 103 0
