10
21
0 25 11 122 112 16 24 12 3 186 180 183 20 19 113 110 109 10 17 13 0
23
0 2 8 4 15 106 115 121 119 117 104 124 116 120 135 5 101 114 103 108 123 21 0
21
0 107 105 18 23 14 187 111 7 6 118 175 102 22 173 190 80 78 77 84 0
23
0 93 94 87 83 82 79 91 76 92 99 100 85 98 95 88 89 86 97 96 90 199 0
23
0 194 196 174 195 192 177 181 184 188 170 163 159 166 153 155 167 158 169 151 152 160 0
22
0 149 172 171 161 164 150 156 185 27 35 47 141 138 44 29 26 31 45 49 50 0
21
0 48 43 42 28 178 32 40 53 36 30 57 51 39 72 59 33 38 41 157 0
22
0 62 58 69 63 193 73 64 74 67 61 65 66 189 54 60 71 70 68 75 52 0
22
0 9 133 146 143 144 129 148 182 137 131 134 125 127 126 130 142 136 140 147 132 0
22
0 128 139 145 81 200 1 37 34 168 154 162 165 197 56 46 55 176 179 198 191 0
