20
12
0 4 8 14 6 7 10 124 70 163 9 0
13
0 93 164 86 153 3 95 59 34 29 39 40 0
12
0 35 47 30 41 1 37 119 90 198 136 0
10
0 32 36 38 168 111 72 165 129 0
23
0 97 177 130 83 140 24 155 156 183 27 25 17 33 138 49 173 21 44 197 148 53 0
12
0 75 113 188 175 133 180 26 92 187 91 0
12
0 5 89 185 199 80 106 82 154 166 167 0
12
0 78 128 103 176 178 109 67 118 120 132 0
12
0 200 182 146 45 169 81 63 174 192 123 0
13
0 179 2 79 161 122 126 135 61 55 162 114 0
11
0 60 131 158 121 125 69 194 77 99 0
12
0 184 145 65 142 104 58 94 134 76 73 0
7
0 51 28 74 172 191 0
7
0 23 16 108 57 52 0
12
0 54 22 127 149 50 43 139 117 152 15 0
12
0 13 105 71 181 147 56 171 186 112 64 0
12
0 151 85 101 115 100 195 150 31 48 189 0
12
0 11 196 18 19 20 144 96 84 143 98 0
12
0 88 116 68 159 46 42 190 170 137 62 0
12
0 157 102 110 193 66 160 107 141 87 12 0
