50
22
0 780 799 650 704 942 685 873 327 532 525 984 517 522 520 518 516 523 531 534 641 0
22
0 177 916 977 822 5 178 527 526 702 224 515 528 844 871 788 654 529 764 514 519 0
22
0 852 957 728 744 912 965 688 401 405 953 404 858 272 966 406 834 581 941 883 779 0
22
0 860 669 668 121 839 126 382 370 379 376 746 840 882 383 983 904 380 426 378 369 0
22
0 118 119 128 403 122 373 368 385 371 127 66 73 74 115 125 111 16 954 183 734 0
22
0 86 116 887 564 22 132 83 192 184 182 100 70 77 72 75 84 130 179 131 99 0
22
0 90 69 781 193 18 207 190 185 911 4 1 8 10 465 188 566 11 719 862 820 0
23
0 9 7 653 3 13 17 708 629 2 14 618 539 20 975 12 191 19 15 358 583 660 0
21
0 524 189 198 186 768 195 752 967 812 718 632 828 837 533 336 805 6 876 703 0
22
0 741 872 891 926 961 908 211 821 699 748 697 593 655 915 500 493 786 940 759 739 0
22
0 863 640 606 750 505 677 938 649 320 322 952 715 687 582 895 575 625 471 460 464 0
22
0 455 945 140 469 453 458 467 999 456 428 473 451 418 26 412 415 260 461 421 332 0
22
0 591 753 479 846 494 381 784 484 474 214 200 28 478 29 32 530 36 684 44 488 0
22
0 41 485 483 491 486 209 218 210 199 476 203 204 205 212 215 644 213 595 171 176 0
22
0 172 601 298 850 155 156 157 165 169 174 995 930 167 556 164 170 771 598 610 175 0
22
0 168 619 417 607 770 216 623 803 206 219 437 667 202 794 201 841 615 800 24 25 0
22
0 299 39 43 232 777 236 666 855 231 671 535 729 948 555 544 446 439 440 551 550 0
22
0 315 475 433 435 443 450 536 552 449 543 301 814 430 998 441 444 540 545 546 972 0
22
0 674 442 541 538 542 897 736 580 34 537 547 621 958 900 877 432 265 682 951 652 0
22
0 282 594 946 256 248 255 262 263 264 267 268 47 257 269 249 258 251 592 250 62 0
22
0 698 281 64 242 65 247 261 241 253 848 244 245 279 614 252 354 366 348 346 349 0
22
0 353 355 359 364 357 347 352 197 751 861 365 917 360 939 622 237 982 221 240 37 0
22
0 226 230 233 235 633 981 227 223 711 222 31 879 27 608 683 33 23 38 40 472 0
22
0 960 549 411 414 318 419 420 726 429 492 409 628 737 35 422 427 686 424 826 599 0
22
0 416 765 880 603 487 845 482 448 423 705 410 838 568 490 489 481 217 208 159 893 0
22
0 962 754 480 776 454 477 330 166 158 567 161 662 919 676 761 722 693 789 824 733 0
22
0 991 792 413 924 894 344 913 149 950 134 144 605 898 899 146 766 561 576 635 806 0
22
0 922 341 326 329 337 340 706 842 30 679 339 343 338 304 310 462 306 313 325 811 0
22
0 331 333 323 142 791 314 724 335 345 321 342 311 334 328 317 305 324 309 307 308 0
22
0 316 707 553 150 856 817 747 160 888 892 648 849 612 865 721 949 503 502 613 504 0
22
0 645 663 297 290 509 548 286 284 457 285 283 288 295 296 292 300 287 294 498 501 0
22
0 229 303 665 573 499 302 293 626 656 818 921 657 510 609 587 896 773 496 495 560 0
22
0 497 507 823 508 833 506 511 933 807 959 997 783 452 836 964 559 642 918 929 163 0
22
0 889 291 740 681 831 813 586 742 920 584 973 931 968 976 42 795 853 857 562 738 0
22
0 804 936 816 905 124 790 731 987 802 639 636 809 927 611 867 602 616 557 869 643 0
22
0 709 588 755 604 579 180 875 82 123 847 994 569 745 375 386 372 129 67 94 87 0
22
0 78 88 102 103 107 112 113 76 93 117 108 110 81 105 80 181 196 993 85 194 0
22
0 92 95 678 943 425 106 91 810 101 71 680 767 701 104 96 114 782 996 377 874 0
22
0 558 928 798 700 808 785 992 694 97 825 978 658 829 565 797 910 691 819 710 228 0
22
0 234 577 714 239 851 220 68 225 630 238 903 574 634 278 275 280 521 270 59 955 0
22
0 57 513 356 756 266 627 271 243 572 273 712 246 760 758 277 276 274 79 55 769 0
22
0 815 689 63 646 659 884 692 58 670 53 56 50 49 664 716 720 624 749 870 51 0
22
0 54 60 61 254 259 52 690 743 881 673 45 46 696 735 48 985 932 351 589 387 0
22
0 596 350 363 361 362 89 98 801 597 109 974 937 796 120 854 864 173 970 651 289 0
22
0 466 827 459 1000 563 463 470 468 570 775 868 600 830 907 990 695 878 512 901 187 0
22
0 902 979 757 374 384 647 732 723 956 637 400 392 389 388 391 393 395 394 397 934 0
22
0 399 971 402 407 398 713 390 367 408 396 672 21 859 554 778 445 434 438 923 447 0
22
0 989 578 431 436 835 886 944 617 914 890 866 638 774 763 661 772 986 787 906 909 0
22
0 571 832 885 980 717 947 585 631 590 675 988 312 620 843 154 147 152 963 139 148 0
22
0 145 141 153 136 143 137 935 135 138 727 151 133 162 319 730 725 793 925 969 762 0
