45
12
0 797 849 813 865 320 841 884 313 300 301 0
12
0 304 303 306 308 316 317 309 307 319 750 0
22
0 318 410 650 312 878 310 404 413 392 399 401 405 393 396 268 412 414 397 398 408 0
22
0 409 406 315 403 321 411 805 302 311 809 84 89 73 79 194 80 71 74 91 81 0
22
0 75 77 87 166 88 90 165 164 70 163 92 174 178 78 72 869 823 803 840 767 0
22
0 874 897 785 876 896 790 788 763 864 759 830 871 322 889 400 394 395 402 82 76 0
22
0 86 378 440 505 389 388 447 454 441 820 455 453 442 448 458 456 373 379 439 376 0
22
0 375 370 372 384 386 387 452 369 377 836 443 438 886 293 451 817 295 171 176 167 0
22
0 184 172 170 169 177 851 808 873 529 525 250 253 520 251 241 246 516 799 513 515 0
22
0 519 511 367 354 888 358 368 523 527 508 514 517 507 252 249 233 247 68 236 496 0
22
0 486 487 491 501 484 234 232 421 237 240 845 238 242 430 419 429 426 231 422 437 0
22
0 434 418 428 423 787 420 846 847 433 772 782 877 870 531 537 543 708 722 709 726 0
22
0 818 533 544 548 550 534 536 535 538 801 549 532 646 647 721 713 541 723 828 844 0
22
0 653 658 643 657 641 642 656 661 648 638 883 614 600 599 615 616 811 617 610 602 0
22
0 596 598 601 218 215 223 99 216 100 106 597 214 604 111 105 635 212 113 95 96 0
22
0 540 98 101 109 611 107 115 108 606 607 210 330 329 333 326 323 334 340 327 341 0
22
0 336 339 344 325 332 343 324 345 337 342 338 331 812 624 335 900 798 835 753 814 0
22
0 469 472 462 467 466 465 477 476 473 464 475 461 483 796 474 478 482 463 480 832 0
22
0 481 470 479 471 468 771 848 863 103 778 112 114 626 625 151 631 627 104 110 852 0
22
0 574 102 225 230 93 618 219 229 892 224 227 228 220 221 622 328 628 159 619 587 0
22
0 858 217 621 213 623 639 632 893 152 141 670 148 161 150 139 146 147 155 157 153 0
22
0 211 140 634 630 154 620 143 633 636 371 637 885 208 612 94 855 603 613 605 551 0
22
0 609 222 226 816 765 821 826 792 833 492 502 239 243 245 248 489 503 244 510 509 0
22
0 526 528 346 353 512 366 356 363 365 524 672 768 360 349 781 350 854 355 359 362 0
22
0 347 183 162 175 357 168 173 182 179 180 891 280 277 285 286 298 494 279 121 287 0
22
0 278 282 291 755 554 592 582 591 305 585 583 588 815 578 629 209 586 579 284 590 0
22
0 576 559 577 562 561 564 674 678 557 29 30 556 566 558 560 568 571 563 565 665 0
22
0 26 37 27 35 664 567 25 39 669 675 31 24 44 853 352 677 671 680 663 573 0
22
0 580 667 882 555 572 662 668 42 552 676 666 673 33 43 831 41 875 789 28 4 0
22
0 766 23 728 5 2 3 13 14 737 18 733 731 735 738 743 739 740 742 745 729 0
22
0 17 8 6 744 732 746 12 881 21 20 9 838 134 15 860 780 694 700 687 695 0
22
0 702 684 688 692 701 696 693 685 686 690 691 698 699 697 703 704 705 689 827 794 0
22
0 758 825 824 810 390 842 380 850 391 385 382 444 381 449 651 294 493 383 445 459 0
22
0 460 595 457 807 292 160 679 682 681 683 32 34 570 872 887 46 791 128 123 118 0
22
0 120 125 124 127 819 135 129 132 19 130 784 119 783 138 137 116 117 122 136 36 0
22
0 38 837 862 45 736 7 40 741 749 747 879 730 748 1 10 22 16 11 857 734 0
22
0 786 806 769 584 450 290 289 297 299 777 281 181 283 288 593 553 589 594 145 569 0
22
0 149 142 144 131 126 760 296 133 829 899 156 894 756 774 761 795 158 575 581 773 0
22
0 898 762 856 770 645 644 751 504 374 506 859 499 485 427 490 435 500 416 431 415 0
22
0 425 446 83 432 495 890 417 436 97 424 802 539 547 843 640 649 706 711 715 712 0
22
0 714 710 54 718 720 51 314 608 717 724 725 235 186 49 53 50 58 60 61 752 0
22
0 52 62 69 207 185 274 190 55 256 187 59 197 199 255 264 66 258 188 262 200 0
22
0 48 64 203 267 261 269 834 273 257 259 275 254 265 407 271 270 196 67 895 192 0
42
0 85 65 56 776 47 189 191 205 260 198 57 195 204 206 263 266 276 272 804 719 764 716 546 707 542 822 530 545 839 867 861 201 727 202 193 63 659 652 654 655 0
22
0 660 498 497 488 866 757 880 754 779 522 364 348 518 521 868 361 793 775 800 351 0
