35
22
0 547 557 510 462 666 448 328 655 286 438 368 652 366 443 530 499 568 52 45 639 0
22
0 30 618 36 429 41 28 33 29 31 34 50 35 44 37 42 48 38 49 607 39 0
22
0 46 43 54 40 474 32 47 450 51 53 371 573 687 304 404 326 598 627 267 600 0
22
0 471 336 571 420 307 425 276 378 401 27 643 470 16 15 17 21 245 10 302 11 0
22
0 24 251 2 13 241 246 240 332 669 262 132 68 299 432 700 255 661 488 453 588 0
22
0 614 1 349 362 434 12 9 23 566 553 22 327 417 261 351 554 437 408 664 580 0
22
0 696 504 550 377 562 306 96 444 226 533 407 311 198 196 192 188 195 194 197 205 0
22
0 213 199 203 200 191 207 322 189 209 202 691 252 398 633 211 210 193 204 206 634 0
22
0 190 208 446 294 528 473 591 289 650 515 616 481 370 337 363 459 586 426 469 480 0
22
0 698 339 478 668 256 263 626 265 395 257 248 353 543 608 442 242 254 496 472 6 0
22
0 556 249 503 392 620 654 361 514 508 318 436 335 512 333 292 552 372 622 594 323 0
22
0 611 676 601 531 518 564 300 517 164 314 182 108 98 162 105 90 540 97 83 85 0
22
0 93 100 88 171 107 106 172 582 84 168 170 186 166 103 578 94 18 101 173 92 0
22
0 87 185 169 91 86 99 539 282 625 296 423 630 548 380 458 621 381 390 331 308 0
22
0 648 555 609 567 587 575 467 672 636 347 451 244 74 570 681 274 338 284 357 77 0
22
0 75 152 4 142 675 145 146 149 151 692 148 559 143 157 159 144 359 153 280 410 0
22
0 139 649 376 348 513 641 447 500 266 483 595 596 545 402 268 581 340 694 297 617 0
22
0 118 561 430 490 632 125 69 117 115 109 134 239 78 135 138 615 73 112 122 124 0
22
0 127 589 126 131 72 116 130 415 113 346 603 63 461 150 154 156 613 160 67 529 0
22
0 637 623 685 71 114 66 565 638 64 128 569 76 670 435 136 602 158 147 111 537 0
22
0 544 320 317 155 137 161 224 457 525 81 57 419 358 697 682 534 272 498 394 502 0
22
0 475 454 593 674 663 140 386 688 599 269 403 352 465 285 412 546 464 298 354 660 0
22
0 60 56 70 287 647 123 439 373 579 80 110 121 61 583 492 646 281 645 214 313 0
22
0 229 218 227 233 236 344 215 220 216 219 222 223 391 55 400 133 350 217 662 230 0
22
0 228 532 65 526 225 237 238 234 383 658 651 303 283 273 393 59 456 416 421 576 0
22
0 631 342 360 653 516 511 493 387 201 212 291 695 355 319 167 521 179 184 95 181 0
22
0 606 175 180 619 176 174 397 183 501 177 104 163 671 476 468 551 418 178 642 231 0
22
0 102 277 89 527 382 325 680 187 290 389 577 505 375 644 497 321 409 509 466 441 0
22
0 667 535 329 279 656 341 659 605 364 165 82 379 549 422 538 665 629 519 129 330 0
22
0 141 58 463 542 563 388 584 270 585 334 485 495 592 487 324 120 684 62 232 26 0
22
0 536 235 413 479 484 221 399 356 310 679 678 693 440 449 374 414 491 610 677 640 0
22
0 119 316 524 411 271 288 635 612 572 558 455 315 628 507 522 590 295 260 247 275 0
22
0 486 25 460 424 20 258 523 7 19 506 673 428 259 264 305 3 8 243 541 597 0
22
0 686 250 369 293 560 494 427 683 367 624 699 689 343 690 604 657 253 14 384 477 0
22
0 5 365 278 489 312 482 405 301 433 396 445 431 309 79 345 385 574 520 452 406 0
