50
13
0 0 93 480 268 32 350 153 44 475 360 163 0
13
0 0 313 431 249 184 225 356 98 211 72 67 0
13
0 0 254 335 344 402 218 465 150 63 233 216 0
13
0 0 151 9 263 31 195 357 235 188 68 81 0
13
0 0 133 430 453 97 441 146 427 327 58 246 0
13
0 0 49 481 280 51 88 349 442 37 114 65 0
13
0 0 346 304 271 92 166 165 116 102 183 276 0
13
0 0 485 396 167 125 91 399 215 435 463 256 0
13
0 0 338 199 220 113 2 10 267 482 210 445 0
13
0 0 310 273 499 409 99 207 270 493 253 398 0
13
0 0 266 206 395 471 245 117 414 407 315 285 0
13
0 0 193 41 257 54 24 237 464 474 458 384 0
13
0 0 209 389 366 343 446 221 447 252 281 144 0
13
0 0 415 329 498 74 122 130 282 155 191 154 0
13
0 0 381 369 476 6 495 70 213 391 187 292 0
13
0 0 290 372 57 161 62 300 223 438 229 477 0
13
0 0 347 314 118 196 403 470 42 28 123 387 0
13
0 0 312 16 324 75 337 120 478 373 486 177 0
13
0 0 105 272 219 382 487 23 418 416 488 259 0
13
0 0 107 224 202 489 466 214 152 230 128 80 0
13
0 0 145 194 175 277 127 226 212 265 319 86 0
13
0 0 469 241 171 238 311 318 251 298 334 434 0
13
0 0 25 269 406 364 362 367 234 484 371 227 0
13
0 0 274 421 306 174 432 299 85 390 7 71 0
13
0 0 328 239 420 103 205 87 83 325 129 182 0
13
0 0 351 452 380 50 322 404 90 14 198 173 0
13
0 0 242 40 12 354 26 490 332 345 240 449 0
13
0 0 275 121 467 208 168 84 448 411 77 110 0
13
0 0 405 248 111 172 197 66 124 307 52 185 0
13
0 0 180 178 358 181 189 5 56 278 479 134 0
13
0 0 79 333 295 132 408 426 33 262 500 492 0
13
0 0 22 302 60 158 374 392 279 386 428 18 0
13
0 0 78 61 461 397 424 36 320 456 264 297 0
13
0 0 370 368 468 417 115 222 3 34 162 1 0
13
0 0 156 138 361 236 440 19 401 164 436 38 0
13
0 0 352 365 45 27 186 141 261 170 228 76 0
13
0 0 400 47 101 217 429 131 359 43 305 383 0
13
0 0 289 454 104 136 147 286 250 8 288 4 0
13
0 0 159 294 100 108 348 425 309 433 112 53 0
13
0 0 192 204 247 460 64 29 201 342 450 232 0
13
0 0 96 119 457 321 15 48 89 20 353 388 0
13
0 0 393 423 494 35 379 258 179 355 443 135 0
13
0 0 283 376 412 21 169 378 419 326 439 455 0
13
0 0 444 377 160 483 260 39 341 200 473 106 0
13
0 0 82 149 410 291 462 284 11 336 339 46 0
13
0 0 69 459 496 13 437 30 17 491 73 94 0
13
0 0 140 413 308 203 126 363 330 316 137 422 0
13
0 0 148 375 340 287 142 139 296 331 293 323 0
13
0 0 143 497 244 317 55 231 255 394 109 59 0
13
0 0 243 385 303 95 176 451 190 472 301 157 0
