50
23
0 0 699 290 199 778 698 59 52 589 360 680 117 231 671 421 196 75 6 4 708 816 0
23
0 0 378 352 364 246 155 793 335 843 593 562 611 21 8 672 216 208 411 414 737 926 0
23
0 0 897 692 978 558 965 912 779 653 668 732 723 982 203 972 400 713 703 455 625 340 0
23
0 0 528 764 239 544 437 922 337 657 802 457 165 173 661 552 60 996 767 184 564 654 0
23
0 0 705 945 174 894 648 640 509 512 93 106 666 944 614 979 122 397 396 90 18 876 0
23
0 0 960 496 773 706 137 907 994 847 389 394 532 516 785 350 254 281 207 192 768 180 0
23
0 0 971 904 693 148 730 292 507 865 707 787 175 622 683 765 999 748 100 127 82 781 0
23
0 0 278 267 55 646 880 832 499 818 500 466 479 41 42 234 195 992 379 407 519 650 0
23
0 0 583 91 128 834 928 353 771 986 431 264 221 678 237 599 428 849 613 284 788 804 0
23
0 0 349 242 434 426 464 582 333 317 587 968 920 908 755 81 98 129 383 934 398 515 0
23
0 0 63 890 447 607 460 302 651 879 43 32 200 859 354 365 954 820 844 967 588 639 0
23
0 0 837 673 743 380 840 391 709 845 476 491 794 282 256 226 7 660 852 984 522 632 0
23
0 0 12 83 95 238 762 45 690 65 848 30 36 463 918 684 324 336 913 209 726 686 0
23
0 0 413 749 56 659 835 433 621 538 171 807 321 997 604 86 386 808 797 425 467 459 0
23
0 0 245 259 810 96 114 956 388 1 851 542 995 560 935 307 747 836 783 287 679 566 0
23
0 0 957 946 633 619 164 40 92 102 104 658 244 662 824 838 494 299 343 811 322 606 0
23
0 0 643 451 169 156 766 585 620 754 539 450 257 241 351 917 105 863 964 505 915 586 0
23
0 0 656 293 921 498 334 338 147 172 473 827 480 44 547 436 592 751 229 77 15 503 0
23
0 0 113 223 220 969 535 855 202 468 508 308 326 134 167 251 253 565 3 17 523 975 0
23
0 0 799 405 401 569 734 181 424 423 328 770 162 214 233 73 381 247 46 670 554 449 0
23
0 0 331 898 139 924 615 271 572 925 442 998 644 826 132 402 871 809 573 502 559 320 0
23
0 0 637 368 939 596 57 47 551 300 288 813 741 887 556 483 160 567 135 729 711 22 0
23
0 0 719 862 647 674 108 68 875 576 930 176 760 689 51 277 64 240 25 750 513 497 0
23
0 0 752 974 577 951 110 746 406 408 190 936 931 285 687 868 825 482 906 133 789 448 0
23
0 0 601 318 153 733 638 735 439 803 702 618 526 14 831 296 901 902 784 861 103 385 0
23
0 0 916 126 798 446 430 170 989 756 366 358 224 429 590 149 806 283 626 297 452 563 0
23
0 0 704 728 720 955 774 727 963 329 895 120 367 694 230 608 485 553 712 262 574 418 0
23
0 0 557 914 923 206 201 814 597 993 858 533 927 681 655 645 716 274 575 842 313 929 0
23
0 0 477 163 161 211 323 310 889 186 701 937 478 682 594 627 356 346 362 390 977 530 0
23
0 0 218 800 543 943 97 94 116 628 315 344 138 610 870 932 823 279 412 753 911 786 0
23
0 0 361 258 652 435 475 453 609 298 663 458 488 24 236 222 427 80 76 99 69 616 0
23
0 0 636 549 168 676 151 311 896 961 26 215 228 691 819 89 112 581 404 822 115 177 0
23
0 0 357 815 48 758 903 545 949 856 144 141 631 885 454 487 718 85 710 84 5 20 0
23
0 0 780 857 524 987 382 370 261 54 948 159 210 561 309 612 419 28 841 864 805 739 0
23
0 0 602 359 347 363 249 736 850 893 490 465 191 525 744 118 213 722 140 145 775 940 0
23
0 0 232 255 484 947 725 314 305 933 301 1000 193 198 194 828 410 109 79 403 873 738 0
23
0 0 791 980 441 540 546 58 265 900 570 790 905 185 101 87 830 941 392 520 531 853 0
23
0 0 988 143 919 763 443 886 634 529 2 952 158 782 373 953 966 369 874 910 243 685 0
23
0 0 721 304 319 649 217 667 432 578 268 263 71 377 182 16 188 27 472 39 37 527 0
23
0 0 225 444 481 136 152 341 330 345 306 665 695 492 29 23 31 374 123 521 10 19 0
23
0 0 125 270 61 664 273 376 387 555 548 598 493 504 892 899 166 962 204 34 846 970 0
23
0 0 339 792 580 537 227 119 121 745 518 78 796 579 891 724 235 62 280 440 812 742 0
23
0 0 9 882 348 881 50 777 291 289 959 325 332 776 715 212 717 146 312 938 872 942 0
23
0 0 630 248 696 985 700 124 534 11 70 981 983 157 416 462 422 178 568 888 506 973 0
23
0 0 990 469 950 605 541 884 624 269 272 409 415 591 67 375 883 393 514 517 189 821 0
23
0 0 731 584 294 642 817 66 53 252 372 399 641 197 757 772 154 623 595 489 603 470 0
23
0 0 250 260 275 991 675 677 295 303 697 183 371 600 829 355 474 461 417 187 72 13 0
23
0 0 759 510 501 286 833 869 860 669 74 130 107 877 276 536 550 142 511 839 420 714 0
23
0 0 629 179 854 49 266 384 395 688 342 327 909 761 866 769 445 958 219 486 471 495 0
23
0 0 878 35 617 438 205 150 635 571 456 316 740 795 976 867 111 131 88 801 33 38 0
