20
12
0 73 100 3 1 4 147 84 17 42 103 0
12
0 112 47 19 121 114 69 61 154 115 86 0
12
0 143 54 51 5 7 153 151 117 30 25 0
12
0 141 93 50 6 11 157 68 179 119 83 0
12
0 66 59 156 152 64 122 91 46 111 161 0
12
0 142 49 12 8 2 9 155 175 177 35 0
12
0 140 145 24 184 90 89 82 32 113 104 0
12
0 109 45 27 31 13 14 150 169 173 36 0
12
0 107 39 37 15 26 33 29 176 124 148 0
12
0 139 79 77 97 58 10 149 178 120 81 0
12
0 160 165 162 99 94 96 98 183 78 138 0
12
0 137 144 95 56 52 85 21 38 110 182 0
12
0 92 102 57 87 88 123 171 190 28 106 0
12
0 197 133 127 134 135 129 188 18 16 187 0
12
0 136 186 80 70 101 53 55 48 20 40 0
12
0 146 105 22 34 174 62 65 170 118 108 0
12
0 158 159 166 41 116 172 67 60 63 74 0
12
0 180 164 163 168 185 43 44 23 71 199 0
12
0 75 72 76 126 128 125 130 131 181 167 0
12
0 191 193 198 194 192 200 195 196 132 189 0
