50
10
207 65 328 4 0 0 0 0 75 438
15
177 217 2 149 130 27 9 255 495 318 459 101 487 160 363
13
0 25 129 473 77 372 97 198 244 3 106 0 0
10
0 0 0 0 0 0 0 0 0 0
11
105 0 180 256 173 137 323 5 91 73 46
12
270 295 308 407 203 333 416 62 6 496 478 447
12
297 0 0 0 0 353 288 107 405 8 436 264
14
445 472 36 252 251 249 239 10 457 302 499 148 301 54
11
0 0 0 272 404 266 336 11 38 0 0
11
279 463 72 83 269 118 90 152 19 13 277
11
0 0 0 0 52 28 461 14 79 7 1
11
275 227 0 0 0 0 134 310 144 316 22
11
67 121 228 455 176 296 17 254 324 332 135
11
0 0 0 491 300 497 474 20 18 143 0
13
312 76 80 128 340 375 218 426 103 470 263 15 313
12
0 0 0 0 0 0 0 0 0 0 0 0
13
125 161 40 468 253 189 385 23 87 453 452 166 131
11
349 139 26 112 63 124 429 213 419 282 278
14
0 0 0 0 0 0 0 0 145 259 475 285 0 0
14
360 388 383 490 369 167 111 140 29 238 488 102 163 127
11
314 317 250 16 443 89 30 291 183 415 359
13
0 0 422 232 209 191 71 290 44 182 384 393 154
13
286 171 100 120 283 85 376 35 418 51 331 368 280
11
381 37 482 327 427 260 208 99 392 471 33
12
12 172 231 132 32 258 268 406 64 379 39 113
11
413 341 337 355 373 430 466 486 41 117 211
12
273 456 281 367 42 126 465 235 451 267 141 204
10
242 68 344 305 390 201 352 370 49 178
11
397 462 346 460 24 150 362 265 45 409 410
13
400 330 484 155 215 47 190 186 483 298 158 230 115
11
222 454 157 192 95 199 432 74 195 420 480
15
0 0 0 433 151 479 467 371 382 219 320 444 50 322 94
12
133 185 387 0 389 34 153 53 170 123 345 276
12
216 142 464 347 391 396 57 156 315 365 175 498
11
48 237 284 146 58 321 188 147 329 96 233
15
0 0 0 0 0 289 246 434 109 82 0 0 0 0 0
10
257 271 225 60 399 309 395 319 184 234
12
414 354 56 394 351 299 61 220 196 181 116 165
12
104 261 348 356 66 424 70 425 274 357 169 378
10
81 449 86 377 206 364 108 476 325 194
12
0 0 0 0 0 59 334 247 69 431 114 492
12
0 0 0 0 0 0 0 0 0 0 0 0
14
240 0 0 110 428 494 485 78 342 481 248 450 439 88
15
236 84 31 226 245 408 380 205 412 402 489 92 243 122 493
11
174 440 469 287 442 304 343 210 262 446 435
12
197 214 202 398 119 311 98 361 193 350 303 55
11
421 212 374 93 306 417 229 168 179 21 403
11
0 0 0 0 162 477 136 223 423 441 339
14
221 224 293 448 338 437 294 411 43 187 326 386 138 241
11
500 366 307 164 200 335 401 458 358 159 292
