90
12
0 567 210 10 519 7 787 13 690 1 896 0
13
0 12 6 3 17 14 213 218 2 15 208 205 0
12
0 697 815 582 684 451 747 442 216 4 209 0
15
0 807 9 215 16 8 5 206 559 214 221 211 310 320 0
12
0 647 780 315 313 307 308 220 686 802 440 0
12
0 185 173 499 219 11 506 450 441 436 447 0
12
0 723 336 182 334 284 311 309 649 201 196 0
12
0 532 19 158 26 729 203 33 275 283 676 0
12
0 80 154 520 74 91 159 162 160 20 22 0
11
0 477 174 325 21 333 324 331 337 573 0
11
0 40 50 272 584 23 277 28 872 494 0
11
0 587 161 169 771 164 708 24 457 456 0
11
0 706 632 188 699 288 276 200 34 155 0
12
0 858 94 97 626 71 86 167 452 837 453 0
11
0 845 156 838 204 191 30 197 189 29 0
11
0 31 289 486 192 285 319 281 730 322 0
12
0 426 465 467 420 432 165 423 32 789 484 0
12
0 630 646 391 539 418 42 834 35 259 533 0
12
0 39 682 46 760 36 546 37 493 41 43 0
11
0 368 257 38 755 151 148 606 710 712 0
14
0 258 264 47 260 266 263 897 687 886 411 410 404 0
12
0 364 879 45 504 48 44 271 526 888 270 0
12
0 49 409 415 408 692 405 414 522 419 492 0
11
0 560 301 691 51 821 635 150 152 365 0
12
0 833 55 648 246 242 60 876 59 124 52 0
13
0 826 805 623 748 731 133 644 53 132 121 884 0
13
0 125 56 865 54 253 128 898 847 804 127 512 0
12
0 645 832 852 57 572 585 64 719 798 66 0
16
0 517 659 254 61 123 598 599 252 255 544 860 62 885 698 0
13
0 739 65 887 849 878 130 134 129 63 784 67 0
13
0 813 68 122 136 742 654 250 120 669 240 247 0
12
0 870 69 98 537 548 636 434 431 430 828 0
12
0 341 779 515 78 853 83 715 70 102 79 0
13
0 81 166 535 75 770 87 791 433 460 463 461 0
12
0 84 541 540 72 743 538 808 656 736 619 0
12
0 376 372 857 345 754 766 73 627 607 794 0
12
0 655 751 95 170 100 168 76 82 841 495 0
11
0 553 107 118 108 855 757 195 425 77 0
12
0 90 96 88 89 428 93 466 793 591 85 0
12
0 99 464 487 555 92 429 621 424 459 455 0
12
0 783 157 422 101 875 421 427 454 458 462 0
12
0 822 576 104 625 103 373 119 383 671 680 0
11
0 579 110 874 590 105 382 701 722 871 0
12
0 116 106 113 112 529 374 349 340 738 859 0
11
0 831 895 115 528 490 109 378 387 861 0
11
0 631 820 605 634 356 640 360 616 111 0
11
0 700 117 114 774 239 594 521 377 610 0
11
0 291 357 359 704 153 393 222 665 693 0
12
0 525 764 384 772 850 575 353 350 711 354 0
12
0 385 375 864 381 386 379 347 795 351 763 0
12
0 604 126 251 243 675 592 501 380 600 652 0
11
0 233 226 227 550 402 398 399 58 135 0
12
0 866 688 569 241 248 650 663 696 624 131 0
11
0 679 658 327 481 445 329 657 480 137 0
11
0 474 473 472 893 735 144 138 142 470 0
12
0 371 724 183 574 778 139 181 187 444 758 0
11
0 361 516 141 443 178 172 328 543 478 0
11
0 369 468 482 475 643 143 147 653 513 0
11
0 362 524 479 777 880 145 146 788 596 0
12
0 149 786 261 713 835 726 775 611 672 801 0
11
0 483 476 503 469 179 175 326 562 273 0
12
0 177 184 851 176 846 330 287 190 274 18 0
12
0 471 651 721 664 750 180 848 332 338 339 0
11
0 163 25 278 280 279 198 673 812 685 0
11
0 670 439 511 171 186 497 531 193 717 0
12
0 335 282 202 286 199 194 829 318 312 314 0
12
0 207 790 212 217 707 818 316 317 321 323 0
12
0 642 720 638 230 745 737 894 228 733 223 0
12
0 867 776 769 662 842 235 825 224 238 292 0
13
0 709 603 702 827 814 236 581 232 225 231 237 0
12
0 296 741 304 290 293 303 302 234 229 782 0
12
0 674 507 570 547 249 666 245 244 633 563 0
12
0 615 140 265 267 269 256 262 744 753 496 0
12
0 622 268 571 498 509 564 614 844 811 588 0
12
0 899 639 620 796 552 545 628 297 298 809 0
12
0 725 578 568 765 667 549 767 678 759 294 0
12
0 602 295 694 305 873 412 836 889 609 556 0
12
0 299 595 586 900 877 856 580 363 370 367 0
11
0 300 534 881 629 523 366 358 677 839 0
13
0 752 505 617 891 613 746 551 792 306 489 583 0
13
0 641 352 348 892 343 344 355 890 346 558 342 0
13
0 740 862 392 390 803 395 502 396 389 388 703 0
15
0 577 403 401 417 406 407 413 416 397 394 400 530 683 0
12
0 27 797 727 435 819 734 608 527 542 800 0
12
0 448 728 438 618 446 660 695 689 437 449 0
12
0 491 561 536 824 762 781 485 597 806 732 0
12
0 510 637 882 488 593 749 508 883 718 863 0
12
0 816 514 566 612 768 500 817 840 518 714 0
14
0 868 565 830 823 705 681 601 557 668 756 773 554 0
12
0 869 799 843 810 589 854 661 716 785 761 0
