100
13
0 0 968 273 260 402 370 658 870 414 138 318 0
13
0 0 983 539 369 694 278 925 76 239 877 502 0
13
0 0 797 18 69 787 128 977 81 399 576 730 0
13
0 0 628 603 85 251 52 681 420 984 746 753 0
13
0 0 992 339 930 864 179 473 820 72 503 789 0
13
0 0 828 56 161 457 53 689 276 735 657 467 0
13
0 0 213 202 526 823 769 506 891 312 106 135 0
13
0 0 840 899 630 573 697 534 548 706 699 294 0
13
0 0 335 238 378 136 916 815 571 358 614 398 0
13
0 0 555 646 159 498 737 975 490 601 279 33 0
13
0 0 296 640 808 776 667 8 605 470 690 445 0
13
0 0 940 831 50 315 281 80 766 152 150 716 0
13
0 0 298 705 903 391 986 569 366 439 537 875 0
13
0 0 859 942 623 236 326 474 530 162 904 91 0
13
0 0 912 826 231 469 208 73 83 513 698 496 0
13
0 0 895 792 592 551 172 432 126 931 978 141 0
13
0 0 71 794 946 887 122 235 520 23 31 493 0
13
0 0 311 274 344 427 171 591 544 780 665 21 0
13
0 0 417 151 557 477 462 914 998 607 97 963 0
13
0 0 105 725 325 400 394 368 566 535 885 669 0
13
0 0 156 168 482 713 327 893 509 947 348 749 0
13
0 0 303 841 395 392 371 562 120 191 652 190 0
13
0 0 748 425 423 409 88 244 847 40 918 17 0
13
0 0 115 892 365 426 901 803 744 846 187 878 0
13
0 0 790 336 396 549 547 762 905 626 347 619 0
13
0 0 674 733 661 9 435 180 853 688 989 710 0
13
0 0 817 704 74 166 645 149 939 101 987 316 0
13
0 0 340 324 944 759 869 649 421 450 508 300 0
13
0 0 997 546 163 542 531 873 87 511 854 264 0
13
0 0 479 461 814 243 670 644 27 664 181 723 0
13
0 0 28 102 132 157 693 590 596 227 822 871 0
13
0 0 154 581 119 938 404 708 380 95 139 104 0
13
0 0 314 647 625 786 173 810 829 1000 39 494 0
13
0 0 288 685 979 536 372 874 79 821 835 34 0
13
0 0 262 352 545 532 651 742 406 337 972 387 0
13
0 0 265 811 928 240 687 867 455 62 134 865 0
13
0 0 481 563 438 830 861 731 921 258 410 933 0
13
0 0 29 389 317 269 701 866 967 232 411 58 0
13
0 0 24 32 441 416 883 838 538 472 991 381 0
13
0 0 894 781 354 66 736 489 529 390 695 43 0
13
0 0 26 313 345 760 237 724 594 491 880 772 0
13
0 0 495 680 584 440 5 121 734 522 144 639 0
13
0 0 361 437 839 37 709 486 158 194 624 35 0
13
0 0 543 612 560 271 521 42 606 388 881 68 0
13
0 0 602 886 211 613 570 943 14 116 920 142 0
13
0 0 777 443 611 480 691 715 214 868 825 98 0
13
0 0 827 270 990 620 798 897 589 770 908 293 0
13
0 0 376 637 631 114 952 722 164 682 936 6 0
13
0 0 385 275 242 199 468 255 927 586 949 684 0
13
0 0 289 422 633 485 77 247 357 218 44 750 0
13
0 0 140 848 233 907 578 585 192 188 860 524 0
13
0 0 19 384 654 283 64 452 434 816 331 668 0
13
0 0 38 879 330 328 974 110 16 598 497 299 0
13
0 0 501 476 167 170 714 959 118 711 604 143 0
13
0 0 512 961 862 638 554 634 107 738 193 61 0
13
0 0 954 525 779 250 976 360 919 583 876 643 0
13
0 0 758 267 582 588 600 561 424 956 610 374 0
13
0 0 650 621 732 778 483 934 888 2 82 375 0
13
0 0 677 902 221 230 155 7 99 320 323 804 0
13
0 0 351 660 222 234 333 47 41 672 302 988 0
13
0 0 696 655 889 775 951 514 896 113 679 851 0
13
0 0 127 924 89 332 4 915 527 796 622 456 0
13
0 0 386 272 109 449 926 721 475 176 353 266 0
13
0 0 659 806 153 845 447 254 740 595 205 516 0
13
0 0 849 553 429 355 448 186 65 863 767 609 0
13
0 0 169 223 726 771 517 308 383 377 346 728 0
13
0 0 75 666 225 540 12 812 57 492 304 642 0
13
0 0 519 754 802 1 419 720 70 745 137 25 0
13
0 0 505 966 556 574 774 111 322 319 995 599 0
13
0 0 917 763 359 559 965 182 898 343 857 515 0
13
0 0 195 818 147 890 49 911 245 329 224 653 0
13
0 0 309 46 909 342 872 541 13 268 937 130 0
13
0 0 282 913 362 226 564 686 673 55 96 850 0
13
0 0 349 958 259 257 784 761 350 575 229 458 0
13
0 0 453 782 932 567 981 499 843 45 285 910 0
13
0 0 112 819 727 203 280 632 635 702 256 627 0
13
0 0 246 212 608 884 922 436 465 577 129 962 0
13
0 0 393 615 3 15 408 59 454 183 131 22 0
13
0 0 751 363 464 663 969 852 216 518 700 305 0
13
0 0 30 755 935 197 941 552 882 648 597 204 0
13
0 0 451 618 185 412 263 791 215 124 712 92 0
13
0 0 510 125 528 807 836 616 442 198 290 703 0
13
0 0 175 165 558 295 108 764 48 950 800 813 0
13
0 0 103 504 67 488 842 741 90 248 752 837 0
13
0 0 145 593 739 177 463 676 773 341 799 856 0
13
0 0 768 286 662 364 572 580 196 63 36 20 0
13
0 0 219 178 858 446 301 297 382 832 54 373 0
13
0 0 123 459 220 431 756 201 210 629 844 148 0
13
0 0 945 401 403 718 471 466 985 228 174 960 0
13
0 0 292 60 719 683 433 430 833 484 834 579 0
13
0 0 994 717 407 418 507 805 100 523 284 675 0
13
0 0 93 189 809 795 964 996 747 78 783 478 0
13
0 0 568 993 824 146 405 86 338 241 801 379 0
13
0 0 587 413 785 291 133 94 980 367 973 923 0
13
0 0 206 617 707 217 460 641 184 970 11 953 0
13
0 0 906 729 487 356 277 310 307 957 793 261 0
13
0 0 444 415 948 636 565 929 249 656 117 306 0
13
0 0 678 533 428 252 84 207 321 765 999 160 0
13
0 0 971 692 955 200 209 51 855 10 788 550 0
13
0 0 500 743 253 757 287 334 982 900 397 671 0
