20
13
0 0 61 147 101 144 120 100 32 56 146 19 0
13
0 0 79 145 41 97 78 116 95 168 50 85 0
13
0 0 175 21 99 199 200 65 68 11 104 42 0
13
0 0 173 64 38 86 160 2 180 114 135 33 0
13
0 0 30 127 63 172 75 36 25 162 195 102 0
13
0 0 26 34 1 176 27 183 151 106 161 164 0
13
0 0 28 9 177 93 66 67 186 4 123 194 0
13
0 0 90 55 14 132 83 198 89 115 45 3 0
13
0 0 157 88 24 17 49 128 178 76 20 43 0
13
0 0 10 158 18 84 112 44 103 133 136 46 0
13
0 0 40 148 139 138 5 167 137 174 152 169 0
13
0 0 16 22 185 197 193 6 71 62 80 23 0
13
0 0 15 126 170 52 72 118 91 31 51 191 0
13
0 0 188 184 59 189 82 121 110 129 87 54 0
13
0 0 37 154 131 108 155 150 130 13 105 107 0
13
0 0 119 74 111 163 7 53 182 8 69 81 0
13
0 0 171 117 60 190 141 29 12 166 159 125 0
13
0 0 35 122 98 48 165 77 143 142 192 140 0
13
0 0 47 70 113 156 187 96 134 94 73 196 0
13
0 0 149 181 153 179 57 92 58 109 124 39 0
