100
11
0 266 154 404 61 1 84 106 526 593 0
15
0 2 30 904 800 806 728 34 691 413 320 617 206 895 0
11
0 3 644 871 568 346 246 821 395 695 0
11
0 941 727 4 932 372 151 645 165 761 0
12
0 971 929 548 538 483 82 125 635 251 5 0
11
0 768 713 886 726 13 6 159 472 117 0
11
0 897 230 571 113 489 650 76 7 261 0
13
0 656 69 339 697 145 836 8 554 513 217 565 0
11
0 812 938 962 414 698 927 419 140 9 0
13
0 579 458 930 531 418 406 491 882 289 10 628 0
11
0 967 475 557 168 11 436 341 416 340 0
12
0 338 342 539 403 887 59 211 134 12 487 0
11
0 975 861 710 14 951 433 894 295 376 0
14
0 514 424 874 15 224 664 385 949 851 477 54 864 0
12
0 723 823 392 226 272 484 16 961 443 736 0
11
0 732 889 182 228 853 885 527 148 902 0
11
0 225 977 510 18 220 959 586 891 349 0
12
0 838 290 205 934 501 19 522 992 813 960 0
15
0 848 721 20 314 892 779 676 781 804 716 818 425 952 0
11
0 842 112 328 72 596 351 907 690 179 0
11
0 22 234 361 135 496 141 913 547 770 0
11
0 802 23 197 448 79 777 982 227 591 0
12
0 24 303 801 278 355 564 658 192 556 147 0
12
0 903 223 178 256 146 25 780 158 309 26 0
11
0 969 27 238 826 868 273 669 39 109 0
12
0 481 263 175 77 792 78 629 28 336 398 0
16
0 918 247 97 957 766 733 365 577 381 534 731 970 29 432 0
11
0 589 31 750 595 389 976 878 772 67 0
11
0 900 686 80 306 162 637 32 693 270 0
14
0 476 862 940 330 64 831 627 277 702 245 33 410 0
12
0 841 156 358 703 666 93 631 352 202 35 0
11
0 318 623 865 875 60 965 36 442 973 0
12
0 359 980 431 185 37 782 326 363 149 188 0
12
0 384 38 166 717 276 464 567 603 742 490 0
11
0 171 40 816 956 445 66 222 288 45 0
11
0 757 41 621 521 706 847 281 242 399 0
12
0 374 890 680 390 607 91 504 42 758 657 0
15
0 474 467 517 260 43 203 447 581 248 735 711 90 869 0
15
0 883 997 417 837 588 573 943 667 652 740 98 95 677 0
11
0 834 741 92 46 936 402 765 756 333 0
16
0 47 128 195 102 912 364 553 493 471 528 570 793 335 119 0
11
0 48 689 494 624 422 444 820 803 132 0
12
0 566 271 302 497 394 367 49 56 337 830 0
12
0 142 177 968 888 817 208 469 935 827 50 0
11
0 983 51 610 670 819 511 492 468 749 0
13
0 173 908 253 52 127 115 654 920 709 958 797 0
11
0 744 204 100 673 57 420 53 641 986 0
15
0 301 580 434 74 532 998 307 795 906 55 545 153 400 0
11
0 984 58 974 427 978 312 606 787 663 0
11
0 665 380 232 679 304 62 972 108 575 0
11
0 136 964 357 439 791 343 437 503 252 0
13
0 65 250 176 700 987 519 274 881 111 213 681 0
11
0 614 999 412 68 884 551 996 473 236 0
12
0 280 754 308 199 44 73 105 193 729 450 0
11
0 543 170 235 662 254 191 712 619 348 0
11
0 660 350 449 632 75 429 587 124 137 0
11
0 598 910 229 849 81 612 966 524 873 0
12
0 985 379 946 369 83 916 796 653 737 879 0
11
0 552 110 783 214 928 630 85 829 844 0
12
0 604 452 373 682 683 86 809 152 237 905 0
15
0 859 285 255 298 858 144 824 671 931 516 924 267 88 0
12
0 724 939 898 923 186 89 360 751 391 529 0
11
0 582 605 613 828 684 17 94 347 411 0
11
0 955 325 463 96 126 315 839 388 778 0
15
0 856 600 99 863 633 356 893 651 221 707 122 454 207 0
16
0 321 616 678 466 131 578 183 262 101 174 536 512 462 184 0
12
0 555 265 926 701 832 103 428 609 344 508 0
14
0 620 180 608 282 594 104 441 405 785 311 212 845 0
14
0 647 810 198 294 769 107 345 150 933 643 506 786 0
14
0 63 530 509 625 172 480 370 535 334 189 755 114 0
12
0 725 784 597 518 116 299 775 611 753 661 0
12
0 699 190 560 118 456 435 215 383 715 542 0
12
0 622 120 233 219 485 169 773 688 687 876 0
11
0 382 805 123 674 313 194 739 479 692 0
11
0 332 264 948 843 423 129 286 133 917 0
11
0 164 852 915 705 297 354 901 546 387 0
11
0 457 167 21 218 850 138 672 121 655 0
11
0 685 139 371 537 293 993 196 730 353 0
11
0 649 808 899 470 746 877 143 846 70 0
11
0 231 822 636 835 155 541 366 283 734 0
13
0 561 401 675 576 157 240 317 209 562 642 563 0
11
0 743 867 249 639 160 719 857 244 759 0
11
0 921 486 316 866 161 296 634 544 854 0
11
0 375 498 305 300 911 714 327 163 393 0
11
0 880 599 720 409 241 776 668 937 243 0
11
0 322 499 461 460 815 71 925 995 451 0
11
0 181 378 994 944 860 426 319 590 704 0
14
0 292 187 525 708 840 794 259 421 574 583 825 615 0
11
0 747 130 648 618 502 284 990 945 914 0
11
0 870 718 922 329 640 540 201 324 585 0
11
0 833 811 200 909 210 268 397 438 515 0
12
0 569 430 872 465 991 559 942 291 549 216 0
12
0 896 386 752 1000 407 239 694 453 696 954 0
12
0 257 482 558 638 764 989 279 331 799 368 0
15
0 258 760 310 789 602 947 495 963 979 550 362 788 377 0
11
0 269 745 774 767 855 446 626 981 455 0
11
0 950 533 459 275 584 572 646 748 988 0
11
0 738 396 771 507 505 953 287 814 500 0
12
0 919 415 520 601 722 763 790 408 523 807 0
11
0 659 87 440 592 478 488 798 323 762 0
