70
13
0 0 545 394 548 584 186 306 225 6 422 490 0
13
0 0 517 251 373 623 295 291 250 542 508 601 0
13
0 0 500 385 634 672 286 518 454 73 475 321 0
13
0 0 356 594 407 503 86 387 537 189 459 666 0
13
0 0 383 12 439 499 308 155 18 363 398 610 0
13
0 0 424 586 384 120 541 104 169 644 354 551 0
13
0 0 149 697 425 463 419 344 334 62 131 258 0
13
0 0 552 110 556 567 309 240 188 81 583 533 0
13
0 0 670 400 360 635 243 458 74 254 270 28 0
13
0 0 275 571 343 645 156 696 630 418 525 592 0
13
0 0 540 102 300 114 659 616 579 261 536 292 0
13
0 0 134 273 396 656 17 580 627 322 94 445 0
13
0 0 671 653 531 380 397 285 138 568 173 661 0
13
0 0 628 177 679 461 294 82 101 582 538 98 0
13
0 0 482 411 502 504 97 259 527 466 620 514 0
13
0 0 520 45 539 159 410 379 433 429 685 248 0
13
0 0 519 296 449 660 557 245 326 405 505 21 0
13
0 0 229 681 316 268 565 70 357 113 163 281 0
13
0 0 190 290 118 151 371 200 446 202 126 698 0
13
0 0 139 341 613 182 288 63 649 416 648 136 0
13
0 0 255 161 96 464 484 546 690 284 686 77 0
13
0 0 58 657 252 604 590 79 212 329 71 220 0
13
0 0 135 658 524 129 581 336 72 150 603 699 0
13
0 0 695 359 32 287 348 108 184 85 170 572 0
13
0 0 378 668 353 224 207 452 99 534 515 153 0
13
0 0 33 569 239 166 49 39 213 443 404 530 0
13
0 0 478 91 665 638 351 115 69 89 29 132 0
13
0 0 457 624 117 639 614 642 90 606 680 51 0
13
0 0 629 441 80 355 227 158 325 249 317 125 0
13
0 0 187 391 486 133 643 636 148 372 563 324 0
13
0 0 465 333 100 646 140 544 64 145 88 570 0
13
0 0 203 271 297 675 223 194 310 589 331 146 0
13
0 0 112 415 231 278 34 550 618 26 1 48 0
13
0 0 403 269 600 67 124 413 178 412 549 543 0
13
0 0 154 408 340 575 375 522 368 30 437 299 0
13
0 0 637 93 87 218 389 390 377 283 564 440 0
13
0 0 664 289 402 435 688 511 210 216 501 20 0
13
0 0 42 619 687 528 65 633 683 678 386 235 0
13
0 0 650 442 480 209 487 211 330 123 612 237 0
13
0 0 179 553 376 431 476 456 420 222 95 2 0
13
0 0 596 176 279 366 323 577 319 22 512 311 0
13
0 0 469 244 185 381 253 257 215 57 663 43 0
13
0 0 593 107 25 521 474 417 608 365 617 338 0
13
0 0 561 414 632 587 230 128 214 673 523 313 0
13
0 0 44 409 8 267 168 55 346 183 473 493 0
13
0 0 562 622 588 467 318 602 427 585 11 488 0
13
0 0 349 201 388 127 103 492 60 513 599 451 0
13
0 0 677 337 171 651 205 423 462 471 50 40 0
13
0 0 16 14 301 36 448 406 654 276 607 426 0
13
0 0 641 382 450 5 506 615 191 547 532 640 0
13
0 0 312 208 421 144 535 199 106 393 116 143 0
13
0 0 262 691 358 352 510 364 68 24 491 655 0
13
0 0 9 130 66 361 226 181 631 10 3 626 0
13
0 0 167 217 485 611 193 305 7 438 367 674 0
13
0 0 598 559 180 204 332 246 38 428 574 347 0
13
0 0 314 399 444 195 274 141 434 362 470 315 0
13
0 0 676 175 694 228 320 247 529 477 304 430 0
13
0 0 105 59 56 647 23 137 625 328 221 395 0
13
0 0 31 47 516 119 52 576 692 700 370 401 0
13
0 0 264 172 109 307 280 472 162 41 260 303 0
13
0 0 152 242 277 392 468 573 578 555 197 37 0
13
0 0 234 272 554 256 75 669 241 689 19 621 0
13
0 0 160 13 92 345 436 122 327 84 46 236 0
13
0 0 233 342 339 219 497 432 684 302 121 206 0
13
0 0 494 142 147 566 265 498 232 78 526 609 0
13
0 0 507 682 164 76 558 509 293 447 560 298 0
13
0 0 591 350 495 693 455 174 54 667 238 165 0
13
0 0 198 27 453 460 15 481 489 374 597 369 0
13
0 0 652 263 83 496 53 595 111 266 196 61 0
13
0 0 282 479 157 35 192 605 483 335 662 4 0
