200
7
0 318 1 742 225 303 0
6
0 2 365 111 966 0
6
0 967 3 257 218 0
6
0 645 618 4 297 0
8
0 483 82 125 635 5 864 0
7
0 768 41 6 661 481 0
6
0 746 492 773 287 0
8
0 960 554 8 836 145 69 0
6
0 9 551 910 159 0
7
0 971 929 10 424 514 0
6
0 328 852 11 705 0
7
0 992 522 12 19 934 0
7
0 679 80 928 460 13 0
7
0 759 61 14 433 543 0
9
0 869 329 289 874 15 224 664 0
6
0 479 432 16 872 0
6
0 17 593 637 136 0
6
0 18 37 201 695 0
11
0 470 20 314 892 779 781 952 143 877 0
6
0 721 737 21 983 0
6
0 804 676 22 552 0
7
0 820 724 533 197 23 0
8
0 958 920 754 654 24 105 0
7
0 345 933 178 25 146 0
7
0 780 379 309 26 916 0
7
0 132 27 720 749 338 0
8
0 33 410 245 702 476 28 0
8
0 644 29 970 534 381 731 0
11
0 908 52 173 253 904 30 127 115 280 0
7
0 685 139 371 750 31 0
6
0 261 119 513 585 0
9
0 800 806 728 34 691 413 206 0
6
0 35 873 740 562 0
6
0 891 36 84 889 0
7
0 126 540 363 609 397 0
7
0 464 38 603 938 962 0
7
0 426 39 88 671 539 0
7
0 595 673 636 366 40 0
8
0 680 91 504 758 42 954 0
8
0 43 518 299 775 611 175 0
8
0 588 179 677 500 98 95 0
7
0 816 45 558 167 672 0
7
0 936 46 92 834 310 0
9
0 696 364 102 128 912 47 195 0
7
0 322 630 48 713 108 0
9
0 49 258 760 979 550 362 788 0
7
0 398 336 50 640 74 0
6
0 612 51 856 408 0
7
0 879 53 956 989 373 0
6
0 851 439 477 54 0
6
0 55 96 315 463 0
7
0 56 743 244 396 753 0
7
0 57 264 974 427 744 0
7
0 278 58 973 589 556 0
7
0 622 59 120 233 219 0
6
0 996 60 306 230 0
7
0 148 404 62 147 353 0
7
0 63 660 350 939 923 0
6
0 899 862 466 733 0
10
0 430 608 250 465 216 180 620 65 0
7
0 291 809 66 374 764 0
6
0 67 626 361 452 0
7
0 614 68 828 586 333 0
7
0 709 308 73 70 199 0
6
0 842 254 71 619 0
7
0 596 229 72 181 378 0
6
0 75 546 275 572 0
6
0 848 507 953 76 0
9
0 940 64 831 627 277 629 77 0
7
0 296 486 792 78 827 0
8
0 79 321 616 678 859 285 0
7
0 158 978 948 83 283 0
7
0 598 85 182 304 170 0
7
0 86 152 445 222 288 0
7
0 866 399 478 87 932 0
6
0 422 913 300 109 0
7
0 898 391 858 650 186 0
11
0 260 517 467 474 90 248 581 203 447 0
10
0 631 352 202 947 495 963 789 93 0
7
0 569 97 957 766 247 0
6
0 444 821 574 324 0
6
0 100 393 217 409 0
10
0 578 183 174 262 101 462 184 512 0
9
0 265 926 701 832 103 344 428 0
7
0 568 104 594 282 845 0
6
0 231 106 461 689 0
7
0 150 294 769 107 643 0
6
0 621 472 110 164 0
6
0 112 901 354 944 0
6
0 675 544 113 360 0
8
0 791 530 334 189 755 114 0
7
0 116 857 337 867 249 0
8
0 667 943 392 117 215 918 0
7
0 118 456 190 171 683 0
10
0 32 407 553 493 471 570 793 335 0
6
0 985 162 524 121 0
7
0 221 707 814 122 454 0
7
0 123 313 194 739 716 0
7
0 124 449 632 833 990 0
7
0 772 976 129 653 917 0
7
0 284 945 130 438 326 0
6
0 642 279 131 882 0
7
0 389 423 369 734 133 0
7
0 403 290 134 501 421 0
7
0 473 455 496 135 234 0
6
0 815 706 137 847 0
6
0 652 547 138 511 0
7
0 140 564 730 269 984 0
7
0 878 745 204 835 141 0
7
0 263 921 316 142 968 0
6
0 839 571 144 687 0
7
0 980 538 431 188 149 0
7
0 888 323 798 509 536 0
6
0 545 153 400 416 0
7
0 510 865 741 719 349 0
7
0 420 796 155 446 767 0
9
0 156 841 166 717 276 703 358 0
9
0 240 209 157 576 561 993 401 0
7
0 220 951 639 160 710 0
7
0 972 726 161 451 995 0
7
0 880 163 776 826 802 0
7
0 165 341 592 659 712 0
7
0 969 915 168 911 937 0
9
0 457 169 485 688 863 633 211 0
9
0 151 625 172 480 370 535 555 0
8
0 274 519 987 700 176 681 0
6
0 602 177 964 727 0
7
0 185 268 210 515 914 0
10
0 259 794 840 708 525 187 565 292 0
6
0 665 526 270 191 0
7
0 927 412 442 192 355 0
8
0 895 193 617 320 729 450 0
7
0 293 256 903 332 196 0
6
0 563 198 647 810 0
6
0 380 81 651 200 0
7
0 243 669 697 205 487 0
6
0 340 325 207 871 0
7
0 208 628 469 491 406 0
7
0 441 212 311 785 246 0
6
0 674 649 808 732 0
6
0 295 886 214 273 0
7
0 7 896 600 876 657 0
6
0 870 666 394 330 0
6
0 738 801 223 44 0
7
0 443 961 272 484 226 0
7
0 777 807 227 714 557 0
6
0 384 658 411 228 0
7
0 762 343 761 437 648 0
6
0 232 975 521 575 0
7
0 894 494 941 829 235 0
6
0 236 770 342 849 0
7
0 542 549 905 942 237 0
7
0 238 860 599 590 319 0
7
0 453 694 239 752 1000 0
7
0 241 468 670 799 375 0
7
0 242 488 854 359 548 0
6
0 922 385 251 89 0
6
0 692 711 252 286 0
6
0 382 255 298 395 0
6
0 965 94 154 266 0
7
0 656 982 931 824 267 0
7
0 367 497 302 271 566 0
7
0 783 281 372 436 440 0
6
0 757 782 909 587 0
10
0 906 795 307 998 301 580 955 718 0
6
0 693 850 994 305 0
6
0 312 907 663 981 0
6
0 317 641 331 390 0
7
0 327 601 722 919 448 0
6
0 735 388 339 383 0
6
0 346 405 655 505 0
7
0 582 900 490 902 347 0
7
0 817 357 376 503 348 0
7
0 351 606 946 690 573 0
8
0 99 583 825 475 893 356 0
7
0 638 482 890 607 368 0
6
0 377 844 508 615 0
7
0 604 986 610 819 386 0
7
0 387 950 584 988 751 0
7
0 414 567 402 756 959 0
7
0 811 415 520 763 529 0
8
0 786 506 883 997 417 837 0
6
0 977 698 419 537 0
7
0 846 818 425 797 812 0
6
0 925 624 747 429 0
6
0 805 434 924 516 0
8
0 823 577 723 560 699 435 0
8
0 532 935 579 458 930 531 0
7
0 803 459 748 704 813 0
6
0 736 881 489 502 0
7
0 868 668 498 838 887 0
6
0 897 774 499 662 0
7
0 790 646 523 591 528 0
6
0 822 686 527 634 0
7
0 787 213 778 541 855 0
7
0 843 715 682 991 559 0
7
0 725 784 597 830 861 0
6
0 613 418 771 949 0
7
0 623 765 875 605 999 0
6
0 684 885 853 884 0
