40
15
0 1 50 276 188 16 195 345 170 48 396 107 298 358 0
14
0 187 386 294 183 87 259 85 149 2 64 362 343 0
11
0 3 240 78 4 265 375 79 143 257 0
12
0 306 114 123 213 5 40 389 280 14 215 0
13
0 331 57 390 186 6 377 383 190 96 220 355 0
11
0 70 234 163 374 369 289 238 7 52 0
12
0 385 104 21 293 112 179 140 92 125 8 0
11
0 9 124 144 93 29 380 337 166 133 0
13
0 283 391 201 127 341 73 274 10 372 371 367 0
13
0 254 392 253 245 335 279 379 28 147 37 11 0
12
0 191 15 134 12 268 72 100 83 98 249 0
11
0 176 189 157 116 366 172 13 36 90 0
12
0 122 105 315 82 17 128 387 120 228 277 0
15
0 202 329 250 95 308 376 324 192 266 295 217 327 18 0
12
0 59 139 89 38 351 102 80 19 360 155 0
11
0 55 22 142 256 204 154 205 99 347 0
11
0 35 272 251 388 384 332 130 212 51 0
13
0 211 121 162 106 344 24 56 41 194 393 197 0
13
0 207 200 312 361 346 278 25 299 45 225 148 0
11
0 158 352 26 62 230 68 137 32 39 0
13
0 27 373 47 44 243 356 237 314 173 288 161 0
11
0 223 224 400 156 317 241 30 359 209 0
11
0 117 242 214 91 31 151 185 399 97 0
12
0 111 33 227 321 146 338 291 60 65 108 0
11
0 246 152 171 196 63 303 34 180 218 0
13
0 113 350 42 126 118 378 297 269 260 103 285 0
11
0 313 109 319 67 43 132 267 175 81 0
14
0 239 235 342 74 129 88 290 334 46 71 119 54 0
11
0 301 49 261 248 270 178 311 101 84 0
11
0 53 302 275 164 271 115 75 309 364 0
11
0 296 94 284 232 252 69 20 165 58 0
14
0 382 210 61 153 168 76 199 135 184 395 322 141 0
11
0 286 229 66 281 222 292 328 110 86 0
11
0 282 77 354 323 182 318 370 174 181 0
12
0 136 206 349 325 145 198 263 357 226 365 0
11
0 131 208 193 159 177 23 353 339 160 0
11
0 262 236 233 287 333 221 138 258 219 0
11
0 150 330 264 320 300 273 348 310 169 0
12
0 304 307 167 316 363 216 247 368 203 255 0
12
0 397 244 381 326 305 394 231 398 336 340 0
