45
23
0 0 517 505 491 777 587 272 273 324 103 402 396 76 370 691 789 38 677 663 443 313 0
23
0 0 708 716 271 835 683 664 684 381 86 92 167 876 519 296 157 96 833 350 840 871 0
23
0 0 692 2 879 798 334 605 209 307 399 400 390 376 251 846 55 101 756 150 872 306 0
23
0 0 423 867 187 328 333 853 738 694 411 446 666 31 127 134 894 852 653 843 486 318 0
23
0 0 184 566 480 470 104 607 892 335 192 207 433 19 746 737 291 582 636 102 529 235 0
23
0 0 740 136 681 882 589 590 644 658 274 890 237 349 356 344 327 216 632 794 406 319 0
23
0 0 546 814 625 220 504 353 351 554 672 120 638 581 460 807 375 163 166 316 884 759 0
23
0 0 809 217 139 682 6 686 391 786 287 277 83 182 347 246 238 599 340 62 712 868 0
23
0 0 538 49 188 196 576 669 815 643 539 252 176 293 74 311 302 869 749 774 899 148 0
23
0 0 68 752 488 588 578 678 93 140 829 567 735 14 688 842 298 512 368 510 241 367 0
23
0 0 813 758 838 12 17 126 478 336 620 773 503 451 90 315 317 865 487 60 428 788 0
23
0 0 171 850 860 471 114 606 834 537 596 601 421 845 790 785 158 147 627 248 239 346 0
23
0 0 883 323 329 474 783 34 44 39 573 667 56 195 711 427 484 245 613 229 299 426 0
23
0 0 499 811 211 569 283 233 244 417 420 253 410 701 699 703 65 52 260 257 724 536 0
23
0 0 87 817 33 4 687 449 377 363 511 434 500 839 533 493 621 564 556 394 413 301 0
23
0 0 5 729 742 40 24 26 771 100 660 498 522 540 54 66 186 185 258 331 602 73 0
23
0 0 628 778 138 119 117 128 555 3 744 857 448 99 647 545 802 527 392 322 782 793 0
23
0 0 874 516 507 655 765 639 141 631 465 795 819 46 37 745 695 210 219 106 215 162 0
23
0 0 767 172 665 673 16 689 696 236 496 494 424 534 337 467 837 155 154 105 98 221 0
23
0 0 362 592 160 624 751 880 265 205 193 659 431 232 502 28 734 292 286 407 805 841 0
23
0 0 714 720 57 263 50 509 820 384 379 285 591 600 254 472 125 29 739 702 412 78 0
23
0 0 501 548 47 614 325 469 122 736 806 373 575 858 227 222 762 181 409 404 528 518 0
23
0 0 371 445 748 887 121 466 97 214 179 80 388 885 812 754 648 821 485 436 531 231 0
23
0 0 88 456 374 700 15 747 45 675 796 552 278 290 165 425 547 844 275 661 429 830 0
23
0 0 870 64 262 197 59 58 124 32 728 21 889 365 70 294 41 580 594 490 240 513 0
23
0 0 780 741 831 662 718 51 190 895 651 866 416 897 359 314 71 113 112 142 560 755 0
23
0 0 818 61 69 256 482 213 697 458 801 828 727 776 649 506 247 441 75 183 800 896 0
23
0 0 816 598 645 642 266 203 201 856 453 380 563 671 36 570 577 295 178 72 541 722 0
23
0 0 422 243 652 707 725 804 343 462 626 153 35 11 22 557 583 886 398 91 348 864 0
23
0 0 440 385 685 679 676 131 152 859 366 787 542 650 202 198 255 608 616 891 454 174 0
23
0 0 432 437 544 204 770 611 341 95 143 784 297 312 393 414 810 447 792 489 508 849 0
23
0 0 308 827 693 7 893 617 342 63 551 726 549 826 730 383 169 521 250 144 42 82 0
23
0 0 84 27 565 836 369 641 723 710 168 77 593 584 568 761 476 637 622 634 161 855 0
23
0 0 706 48 259 264 574 670 572 30 680 9 878 455 768 799 495 633 151 481 900 532 0
23
0 0 320 170 145 159 110 339 338 270 715 550 709 523 358 459 386 10 732 8 20 690 0
23
0 0 149 129 132 479 199 267 535 378 372 439 457 282 224 226 218 657 847 81 300 797 0
23
0 0 713 108 115 477 133 18 13 881 382 387 401 310 750 288 571 604 330 497 520 352 0
23
0 0 656 721 67 326 332 111 468 630 146 135 25 705 851 526 364 775 823 284 450 305 0
23
0 0 303 698 1 123 558 623 629 225 94 261 772 361 177 438 444 389 769 85 321 803 0
23
0 0 781 357 173 397 289 731 674 579 609 615 654 415 873 808 618 832 848 268 269 877 0
23
0 0 763 753 461 760 791 824 309 304 525 492 249 430 822 719 206 53 779 612 212 230 0
23
0 0 530 435 242 514 854 355 89 180 281 553 130 116 156 619 208 223 863 483 345 200 0
23
0 0 543 646 234 354 360 595 668 862 473 463 137 118 109 597 603 559 442 452 79 403 0
23
0 0 717 276 189 194 757 475 733 704 825 766 875 43 586 228 418 515 405 395 280 898 0
23
0 0 635 464 107 610 191 764 861 640 419 888 524 175 23 743 561 562 585 279 164 408 0
