45
22
0 375 842 391 807 383 460 291 282 831 14 6 12 2 729 728 734 1 857 9 15 0
22
0 662 663 567 675 39 33 875 789 736 7 40 879 731 18 745 3 23 766 881 860 0
24
0 786 748 730 4 749 741 747 733 743 739 740 737 742 13 5 17 8 732 744 746 20 19 0
21
0 486 26 664 669 680 565 683 872 566 556 571 557 560 558 676 553 572 679 43 0
21
0 284 456 450 443 458 442 379 373 381 444 382 374 457 292 297 287 41 10 16 0
22
0 593 670 882 573 682 673 668 666 25 671 665 672 31 853 44 862 28 735 738 11 0
25
0 825 827 684 701 692 695 700 702 694 704 690 686 698 689 691 703 685 699 697 696 693 838 21 0
21
0 586 579 590 576 584 589 667 554 30 570 128 887 42 552 681 677 24 45 22 0
21
0 577 562 674 678 568 563 34 32 37 35 27 837 36 38 122 127 118 146 213 0
21
0 29 133 121 142 569 559 581 575 628 619 160 148 630 620 638 852 105 113 99 0
21
0 765 226 221 217 762 773 898 585 594 561 580 564 149 145 158 623 147 126 46 0
21
0 883 880 652 647 801 716 861 719 263 49 276 53 60 66 47 202 65 199 254 0
26
0 725 272 844 203 267 64 48 200 269 274 190 268 265 260 258 188 262 261 804 834 273 257 259 275 0
23
0 54 186 57 50 58 61 69 52 185 256 55 271 255 264 59 270 196 895 192 194 56 0
23
0 722 726 546 204 195 68 266 724 717 51 720 718 714 712 715 711 723 727 205 776 752 0
23
0 537 709 542 707 551 764 206 62 207 198 191 189 779 710 828 541 659 63 67 187 197 0
22
0 528 529 873 357 175 182 179 174 88 70 163 92 74 80 72 823 869 411 889 73 0
21
0 797 768 512 346 755 555 278 279 298 180 90 178 87 166 71 79 86 76 302 0
21
0 891 817 441 440 388 369 447 820 886 438 455 453 448 836 452 372 370 371 878 0
22
0 871 320 840 803 351 349 168 164 78 77 75 81 89 84 400 402 394 395 82 85 0
21
0 91 378 83 389 454 451 171 293 295 285 290 446 289 296 445 294 459 449 386 0
21
0 856 811 616 615 613 611 612 222 816 858 622 229 224 93 225 102 636 111 597 0
25
0 308 604 627 103 94 107 115 342 335 341 329 339 798 835 753 472 848 771 483 796 479 470 756 0
22
0 140 618 760 141 143 104 109 95 97 863 778 112 114 626 625 151 894 481 478 832 0
21
0 96 635 212 106 208 223 601 598 609 605 603 602 596 607 108 606 892 330 338 0
21
0 617 98 101 100 214 855 885 227 220 228 219 211 230 624 893 632 154 634 629 0
21
0 621 209 159 639 110 631 633 152 139 150 153 161 144 131 784 120 124 117 774 0
21
0 499 859 661 651 645 644 866 770 648 599 600 614 610 608 218 215 216 637 210 0
22
0 592 791 819 136 123 130 119 132 135 134 125 129 116 137 783 138 829 899 761 795 0
23
0 155 157 156 471 468 461 814 462 467 466 465 477 464 473 476 475 469 474 482 463 480 0
21
0 854 162 165 167 172 170 173 169 851 808 833 792 492 509 243 239 489 821 181 0
21
0 176 281 777 280 277 286 299 283 288 591 582 595 588 583 815 587 578 574 826 0
21
0 184 177 250 527 523 368 353 362 524 352 348 516 507 517 252 235 242 501 502 0
22
0 530 533 544 550 538 649 843 657 642 656 641 658 653 650 721 646 532 713 193 201 0
21
0 782 426 495 425 240 496 236 430 513 246 241 251 514 364 361 356 525 526 249 0
21
0 510 248 245 503 244 238 845 237 421 232 234 484 494 431 890 490 427 493 504 0
21
0 350 781 360 355 359 183 347 365 363 366 358 888 354 367 511 519 799 233 247 0
22
0 487 505 435 417 436 540 424 500 547 498 640 643 660 655 751 654 506 485 423 420 0
22
0 515 508 520 253 497 488 491 415 416 432 429 419 422 437 434 418 428 787 433 772 0
25
0 849 813 841 865 884 313 300 750 317 316 322 306 309 410 305 399 413 412 403 809 805 321 311 0
25
0 301 319 304 303 307 318 314 312 315 404 310 409 406 392 401 405 393 396 414 407 408 398 397 0
22
0 757 337 754 345 324 343 332 325 344 327 340 333 334 326 323 328 331 812 336 900 0
21
0 377 439 376 387 384 850 380 390 769 810 824 794 758 688 687 705 780 806 385 0
22
0 759 830 521 522 518 231 868 876 775 800 788 763 864 793 785 896 790 897 874 767 0
22
0 846 847 877 870 531 708 543 818 867 548 839 545 822 802 539 535 536 534 706 549 0
