50
22
0 14 2 916 977 822 3 7 11 180 579 19 752 198 177 22 179 131 113 102 76 0
22
0 566 4 6 654 17 13 660 516 518 520 525 521 957 953 852 519 514 744 965 669 0
21
0 526 5 629 719 188 9 185 116 82 375 79 122 387 369 979 801 103 105 709 0
22
0 643 21 10 994 860 734 183 125 954 72 84 99 69 196 993 88 680 104 982 373 0
22
0 616 867 611 809 639 927 517 531 708 653 120 688 408 862 12 583 190 184 564 86 0
21
0 755 15 902 178 83 181 80 77 93 107 701 71 91 597 784 974 943 678 78 0
22
0 636 557 869 768 16 1 123 74 115 111 782 67 112 94 96 128 119 874 378 904 0
21
0 618 975 967 604 588 191 197 718 875 90 101 68 81 85 187 887 796 937 819 0
22
0 695 750 606 677 938 952 585 885 211 208 489 469 868 468 838 705 473 482 23 8 0
21
0 805 410 753 420 737 972 484 425 418 846 825 470 463 459 575 935 215 24 879 0
22
0 25 34 794 667 199 803 203 213 477 490 414 560 458 465 999 160 995 619 542 763 0
22
0 464 895 454 481 200 491 28 478 492 429 26 38 39 855 615 800 207 156 162 167 0
21
0 893 843 628 812 479 702 35 451 423 411 29 472 27 608 31 37 234 238 535 0
21
0 907 563 466 715 417 415 412 419 424 726 765 413 33 40 30 476 474 644 217 0
21
0 357 361 364 347 861 917 711 757 229 230 233 672 220 225 224 630 243 544 540 0
21
0 714 239 854 222 223 851 777 666 231 814 226 633 221 910 89 98 767 87 109 0
21
0 651 970 427 422 487 42 36 41 483 209 206 216 623 219 607 157 168 580 981 0
21
0 457 462 591 421 416 488 485 214 218 210 212 204 176 909 165 538 442 547 671 0
21
0 864 232 227 235 903 280 278 271 245 244 252 348 589 351 996 346 362 939 365 0
22
0 236 945 998 159 163 158 770 776 826 426 475 44 841 202 201 486 456 461 827 1000 0
23
0 279 627 281 277 720 251 61 54 870 716 664 955 50 45 696 46 58 884 659 646 49 0
23
0 435 276 749 249 592 624 51 60 48 735 673 690 53 692 56 762 670 63 689 835 866 0
22
0 900 275 47 257 254 52 62 64 242 260 262 255 248 256 969 634 572 614 349 359 0
22
0 815 823 259 985 356 756 366 253 247 760 652 594 267 273 246 274 55 890 914 617 0
22
0 932 743 881 261 266 848 65 270 59 57 250 698 258 758 269 712 989 944 769 66 0
21
0 971 392 830 75 70 837 911 828 685 237 95 228 691 355 565 797 829 622 574 0
22
0 872 20 193 186 189 194 195 192 132 18 100 117 114 372 73 121 382 380 381 92 0
21
0 703 741 724 599 556 683 480 409 603 845 32 43 240 577 710 106 97 110 108 0
22
0 641 779 883 384 647 956 723 840 379 746 674 370 126 124 386 745 668 847 781 569 0
22
0 182 130 129 127 367 118 377 368 371 385 882 376 383 374 732 406 404 407 390 396 0
24
0 930 880 137 133 143 140 135 138 727 141 153 145 148 139 151 963 152 134 144 605 913 730 0
22
0 988 980 631 894 924 991 154 136 147 898 806 635 561 766 149 950 146 899 725 793 0
22
0 142 150 906 792 787 733 824 789 693 761 722 919 173 170 164 598 175 771 174 169 0
22
0 568 595 166 567 161 662 676 986 736 897 610 155 850 205 172 962 832 717 947 620 0
21
0 686 428 452 455 467 453 570 775 807 849 307 322 582 460 471 625 571 754 171 0
22
0 241 263 272 282 951 925 432 440 778 443 536 450 445 438 434 578 923 431 638 772 0
22
0 859 537 948 621 555 877 682 265 554 551 550 553 546 430 437 441 983 449 552 661 0
22
0 354 268 264 886 447 436 774 433 448 543 549 548 541 539 444 729 958 446 439 545 0
25
0 960 802 740 294 291 295 285 283 296 299 573 293 773 813 586 697 500 506 508 509 507 783 504 0
23
0 609 657 288 665 284 287 498 501 303 300 289 292 286 301 290 297 933 959 997 505 298 0
22
0 788 891 681 908 961 926 878 739 839 493 513 512 593 748 699 821 731 920 831 990 0
23
0 968 976 795 896 833 497 494 302 499 921 818 889 656 626 587 510 496 495 655 915 901 0
22
0 640 318 333 791 336 306 335 811 325 317 334 328 342 321 304 338 330 343 339 842 0
22
0 663 502 559 305 856 309 707 316 888 601 817 648 612 649 312 315 319 687 876 524 0
22
0 684 964 836 642 918 503 645 613 511 786 940 863 949 721 865 892 929 747 308 320 0
23
0 324 311 313 345 331 332 310 323 344 327 314 706 340 337 329 326 341 675 922 576 590 0
22
0 928 558 700 798 808 785 992 810 694 978 600 658 358 751 352 353 350 596 363 360 0
26
0 912 399 400 393 389 394 388 391 395 397 934 403 713 398 402 946 858 966 405 401 581 941 834 637 0
22
0 602 632 873 530 532 533 820 844 871 528 515 987 527 534 523 529 984 522 764 728 0
22
0 799 650 704 804 942 936 738 562 857 816 584 973 931 853 742 679 790 759 905 780 0
