20
12
0 8 3 1 93 96 2 179 84 157 137 0
11
0 4 91 182 200 86 87 53 178 45 0
12
0 13 7 10 90 129 48 196 9 5 136 0
11
0 12 11 163 189 37 33 38 30 31 0
14
0 14 144 190 88 102 110 193 66 160 107 62 170 0
11
0 119 130 83 183 155 127 22 15 57 0
11
0 118 75 188 113 133 74 16 23 44 0
12
0 177 72 20 25 17 173 175 187 172 19 0
11
0 167 197 76 18 148 51 180 78 103 0
11
0 67 138 24 156 27 49 28 21 140 0
11
0 52 108 54 26 117 43 171 139 152 0
13
0 95 29 59 34 40 47 41 36 35 111 164 0
11
0 97 105 165 168 198 150 71 195 32 0
13
0 42 46 131 60 68 123 192 174 81 99 77 0
11
0 124 70 92 149 50 185 191 176 109 0
13
0 126 55 94 120 58 61 135 104 145 65 158 0
15
0 73 181 64 147 186 56 112 151 85 101 115 100 39 0
11
0 6 141 184 143 98 146 153 63 159 0
12
0 132 169 79 161 121 116 125 142 194 69 0
14
0 128 162 134 166 122 114 154 82 106 80 199 89 0
