20
13
0 9 32 86 98 50 1 131 179 48 108 177 0
13
0 18 60 59 116 166 2 199 189 153 63 132 0
15
0 61 46 42 115 39 125 45 124 104 3 123 26 33 0
10
0 122 87 4 178 164 107 85 80 0
10
0 169 100 11 19 5 162 150 159 0
14
0 194 73 195 102 62 20 15 94 76 6 126 37 0
11
0 77 53 146 72 84 163 185 117 95 0
11
0 23 191 81 69 128 89 147 8 105 0
13
0 186 67 36 149 49 135 79 140 198 31 10 0
10
0 181 88 158 12 113 156 70 180 0
14
0 74 91 192 142 13 22 114 17 151 16 111 75 0
15
0 168 165 14 137 56 112 52 160 200 171 93 40 127 0
15
0 183 24 97 118 110 143 121 82 141 172 99 190 21 0
11
0 144 138 51 161 139 25 120 109 58 0
11
0 54 176 130 78 68 92 66 157 133 0
11
0 96 34 193 28 188 173 187 182 167 0
11
0 119 101 175 136 106 47 29 41 145 0
11
0 184 155 65 197 44 129 27 30 83 0
10
0 43 35 7 148 134 71 152 196 0
11
0 64 38 103 170 55 174 90 154 57 0
