20
13
0 0 17 25 116 68 155 117 91 58 183 164 0
13
0 0 49 9 151 163 189 128 29 83 96 71 0
13
0 0 193 50 3 7 64 176 44 161 145 142 0
13
0 0 90 124 121 21 200 181 105 55 76 72 0
13
0 0 85 87 177 65 156 149 14 22 197 180 0
13
0 0 159 131 108 19 35 179 147 2 48 78 0
13
0 0 126 196 174 62 54 56 153 154 89 27 0
13
0 0 109 195 106 37 148 4 12 102 192 136 0
13
0 0 77 137 111 127 129 41 36 172 6 185 0
13
0 0 188 42 86 175 5 53 57 101 80 139 0
13
0 0 198 1 152 178 171 114 123 15 39 158 0
13
0 0 125 120 61 40 103 113 24 150 94 186 0
13
0 0 133 30 119 81 20 43 184 11 144 79 0
13
0 0 190 67 69 88 23 52 74 143 110 182 0
13
0 0 75 51 63 18 16 187 47 104 98 100 0
13
0 0 13 33 170 66 115 97 199 160 167 134 0
13
0 0 34 28 122 157 84 38 99 194 168 166 0
13
0 0 162 165 130 140 70 95 169 173 118 31 0
13
0 0 141 138 107 132 26 60 8 92 191 73 0
13
0 0 146 93 10 59 32 82 45 46 135 112 0
