10
23
191 0 0 0 0 0 140 128 8 159 5 178 80 21 102 71 41 31 15 56 166 1 52
20
39 47 199 79 152 68 66 138 158 131 170 69 195 25 137 139 186 2 145 132
21
160 89 44 187 20 93 99 40 118 104 86 48 179 150 3 109 76 51 153 17 184
22
194 149 156 116 122 42 169 49 196 173 113 45 83 67 164 64 14 24 4 148 161 134
24
0 0 0 0 29 198 136 10 60 100 110 85 77 7 176 146 115 26 174 6 142 124 35 53
24
22 119 135 107 50 58 105 57 84 129 96 95 18 200 171 43 125 11 81 78 9 111 130 154
22
70 23 183 92 121 75 167 87 72 97 106 190 141 197 103 12 189 155 101 63 94 88
21
0 0 0 0 0 0 0 0 0 61 143 157 13 181 188 127 36 30 19 0 0
21
73 165 38 98 112 46 192 74 28 175 34 114 120 37 65 168 55 16 59 144 32
22
162 117 62 82 151 133 180 33 147 193 182 172 54 185 177 90 27 91 123 163 126 108
