10
22
0 128 31 165 57 154 64 83 172 9 96 50 126 3 133 158 63 106 20 44 47 0
22
0 35 29 6 110 100 136 10 102 97 51 32 60 112 84 43 144 42 134 170 132 0
22
0 36 48 28 15 166 73 130 34 37 18 59 173 45 149 55 195 186 92 75 167 0
22
0 162 62 66 138 182 113 120 174 22 81 16 163 192 40 104 155 188 181 157 19 0
22
0 8 41 26 176 77 58 161 185 147 152 68 117 121 197 17 118 65 184 127 191 0
22
0 38 200 14 164 156 4 148 46 72 88 94 70 61 5 80 179 82 151 12 39 0
22
0 95 171 24 27 33 137 183 150 52 56 124 146 105 74 99 71 21 30 87 13 0
22
0 178 159 53 1 198 115 129 11 168 91 90 193 116 196 108 76 109 2 23 103 0
22
0 190 141 69 199 79 177 194 67 78 107 119 142 85 7 140 160 187 114 111 143 0
22
0 135 49 169 122 54 180 131 139 145 25 101 189 153 86 123 125 175 98 93 89 0
