25
23
0 0 13 1 76 443 74 66 372 308 457 170 422 380 392 277 403 462 69 196 397 390 0
23
0 0 139 401 375 367 408 93 331 416 293 261 272 117 481 70 480 124 349 34 489 179 0
23
0 0 268 263 325 33 460 171 11 219 232 197 466 426 409 338 463 358 201 344 246 364 0
23
0 0 101 472 362 42 115 113 341 198 30 175 128 437 257 451 374 430 468 285 276 65 0
23
0 0 190 191 251 207 488 59 326 267 273 299 429 295 485 152 238 45 316 334 182 413 0
23
0 0 440 181 129 72 2 85 83 87 410 52 98 423 264 281 279 306 146 258 234 382 0
23
0 0 208 371 439 81 496 313 292 315 122 444 177 24 149 284 363 220 138 215 110 319 0
23
0 0 95 497 490 303 262 399 351 48 323 22 221 491 254 71 51 107 324 137 405 127 0
23
0 0 357 434 318 492 461 159 252 143 339 314 384 336 356 176 26 20 131 454 78 230 0
23
0 0 386 378 304 421 310 73 6 140 134 40 39 82 495 91 470 353 395 58 54 4 0
23
0 0 118 424 370 147 247 253 94 161 164 387 248 195 453 224 241 5 172 369 400 102 0
23
0 0 305 291 286 417 242 227 223 132 368 123 116 144 150 84 169 250 347 448 406 108 0
23
0 0 199 343 162 332 441 282 464 354 450 155 192 206 212 49 63 60 213 67 15 185 0
23
0 0 163 340 484 296 298 432 471 43 180 377 18 174 239 350 393 109 55 256 153 244 0
23
0 0 482 476 359 168 302 458 478 494 499 189 200 202 57 173 31 21 135 79 68 226 0
23
0 0 114 442 447 300 438 425 53 106 50 475 229 231 188 145 473 157 158 373 383 130 0
23
0 0 265 275 301 329 203 204 64 477 183 19 467 493 320 402 233 216 32 184 420 449 0
23
0 0 222 237 236 321 415 274 345 486 280 294 92 431 407 459 77 428 205 96 209 61 0
23
0 0 498 89 436 62 105 211 210 194 337 37 287 288 391 271 418 419 240 228 218 10 0
23
0 0 75 121 111 283 394 342 309 97 100 322 427 136 187 142 156 166 259 483 235 9 0
23
0 0 214 379 307 411 465 385 500 312 289 270 23 28 178 36 38 86 160 167 452 133 0
23
0 0 151 479 446 433 355 120 352 376 333 328 255 260 186 412 245 44 41 17 14 56 0
23
0 0 119 396 266 290 249 317 360 103 414 35 366 47 46 7 80 311 487 381 388 154 0
23
0 0 104 99 455 125 269 365 297 348 474 90 141 3 225 126 16 8 193 243 456 469 0
23
0 0 330 346 278 112 335 148 361 435 389 165 88 404 217 327 12 445 398 27 29 25 0
