40
13
0 0 245 388 56 323 119 333 59 343 362 64 0
13
0 0 195 283 78 232 189 140 65 287 351 37 0
13
0 0 274 301 368 92 267 72 138 90 360 87 0
13
0 0 129 102 344 280 371 188 247 151 268 334 0
13
0 0 116 318 202 181 224 281 217 153 33 200 0
13
0 0 227 104 331 240 339 316 363 99 105 392 0
13
0 0 228 251 400 292 348 40 142 191 46 139 0
13
0 0 270 201 276 50 358 185 395 76 61 157 0
13
0 0 219 29 135 242 31 261 160 319 288 379 0
13
0 0 89 145 282 246 115 304 266 1 17 20 0
13
0 0 296 241 26 248 309 134 256 131 57 161 0
13
0 0 366 124 218 275 370 97 231 14 294 183 0
13
0 0 85 361 55 144 199 179 39 68 156 384 0
13
0 0 236 320 24 127 391 101 385 171 53 9 0
13
0 0 147 349 44 264 359 230 111 338 302 166 0
13
0 0 209 158 375 324 16 110 243 342 290 225 0
13
0 0 212 398 329 257 21 352 328 237 198 207 0
13
0 0 45 325 58 289 203 396 41 332 314 335 0
13
0 0 206 27 239 322 103 197 273 86 190 187 0
13
0 0 34 180 321 112 354 211 150 286 263 3 0
13
0 0 35 397 250 178 5 137 204 12 175 259 0
13
0 0 235 141 107 341 340 159 6 173 356 82 0
13
0 0 28 30 73 381 210 350 98 4 70 233 0
13
0 0 25 75 285 216 345 298 367 389 122 226 0
13
0 0 310 174 192 125 271 152 51 130 163 313 0
13
0 0 252 194 326 337 38 155 262 249 364 83 0
13
0 0 2 357 136 377 220 121 79 399 238 346 0
13
0 0 148 108 113 118 8 67 172 47 253 149 0
13
0 0 373 272 317 106 162 393 42 382 303 7 0
13
0 0 69 96 372 394 132 184 293 347 196 81 0
13
0 0 378 269 95 305 205 23 186 120 94 254 0
13
0 0 365 353 330 123 62 170 308 49 214 265 0
13
0 0 11 66 114 387 284 77 126 60 22 74 0
13
0 0 315 277 390 355 229 10 84 167 15 386 0
13
0 0 234 369 306 169 327 260 143 91 154 258 0
13
0 0 300 244 311 376 18 133 63 52 177 165 0
13
0 0 223 222 215 255 297 168 93 13 36 19 0
13
0 0 299 80 100 117 43 48 336 213 109 279 0
13
0 0 312 88 71 291 221 176 374 182 208 128 0
13
0 0 193 383 32 380 54 146 164 295 307 278 0
