50
10
0 105 180 1 227 106 145 385 12 0
15
0 217 2 149 130 27 255 9 495 318 459 101 487 160 0
13
0 110 129 473 77 372 97 198 3 244 439 428 0
10
0 256 4 162 297 173 38 161 197 0
11
0 33 75 19 432 368 369 5 91 100 0
12
0 355 308 407 203 333 416 6 62 496 478 0
12
0 500 88 292 7 353 288 107 405 8 436 0
14
0 472 36 252 251 249 239 10 457 302 499 257 234 0
11
0 310 313 272 404 73 266 11 316 15 0
11
0 463 279 83 269 118 90 152 476 13 0
11
0 278 222 443 490 461 14 28 323 307 0
11
0 16 346 216 284 397 104 343 24 460 0
11
0 349 139 250 296 176 254 17 52 324 0
11
0 366 462 491 300 497 474 20 79 18 0
13
0 364 212 421 21 340 375 426 103 470 263 218 0
12
0 22 121 345 264 455 67 137 339 477 332 0
13
0 493 32 40 468 189 31 23 87 453 452 166 0
11
0 26 142 112 207 124 429 213 419 282 0
14
0 25 154 143 163 240 285 360 81 259 475 275 46 0
14
0 359 317 286 111 341 171 140 488 29 238 102 127 0
11
0 464 95 435 147 72 30 291 183 415 0
13
0 422 232 34 209 191 290 71 44 182 384 393 0
13
0 438 116 120 283 85 376 35 418 51 331 55 0
11
0 37 482 327 427 260 208 417 471 392 0
12
0 414 270 295 132 258 268 406 64 39 379 0
11
0 447 356 403 373 430 466 486 41 117 0
12
0 367 267 115 42 126 465 235 451 177 363 0
10
0 194 338 294 43 201 352 370 49 0
11
0 348 410 480 394 150 93 265 45 409 0
13
0 155 484 330 215 47 190 186 483 298 158 230 0
11
0 96 199 63 56 354 351 74 195 420 0
15
0 433 54 148 151 479 467 371 219 382 320 444 50 400 0
12
0 276 388 441 389 135 53 153 170 123 228 0
12
0 365 187 347 391 57 396 156 315 280 175 0
11
0 65 336 146 321 58 188 131 125 337 0
15
0 59 387 185 133 289 434 246 109 82 312 454 157 492 0
10
0 485 113 231 60 309 395 319 184 0
12
0 329 211 277 299 413 165 61 220 196 214 0
12
0 141 399 225 66 424 70 425 274 357 169 0
10
0 449 86 377 206 172 253 494 68 0
12
0 204 445 456 281 273 334 247 69 431 114 0
12
0 76 134 128 301 328 144 80 192 322 94 0
14
0 305 411 344 242 178 390 78 342 481 437 248 450 0
15
0 236 84 226 245 408 380 205 412 402 489 92 243 122 0
11
0 374 440 174 446 442 261 210 48 89 0
12
0 378 202 398 119 311 98 361 193 303 350 0
11
0 271 469 362 306 99 229 168 179 108 0
11
0 381 287 304 262 237 136 498 233 223 0
14
0 293 448 181 224 241 221 314 325 167 326 386 138 0
11
0 383 423 164 200 335 401 458 358 159 0
