20
13
0 0 47 35 111 33 58 199 21 25 173 54 0
13
0 0 197 19 92 50 55 94 137 193 66 11 0
13
0 0 38 100 64 22 86 116 170 2 8 34 0
13
0 0 12 152 27 49 76 178 72 177 105 165 0
13
0 0 1 172 89 82 154 61 192 123 60 153 0
13
0 0 90 189 183 18 51 75 79 68 88 31 0
13
0 0 133 185 135 104 125 98 200 127 198 36 0
13
0 0 132 174 145 126 24 26 129 163 3 73 0
13
0 0 156 20 59 160 190 157 194 166 148 91 0
13
0 0 136 30 146 118 65 80 180 187 171 48 0
13
0 0 182 78 176 168 40 9 121 142 46 184 0
13
0 0 120 158 77 42 102 95 41 115 112 138 0
13
0 0 63 114 134 155 108 53 52 37 5 4 0
13
0 0 29 32 97 83 67 128 28 186 71 93 0
13
0 0 44 139 113 87 169 45 119 181 164 84 0
13
0 0 143 141 161 162 124 149 16 57 147 13 0
13
0 0 23 106 70 74 175 43 56 101 150 107 0
13
0 0 151 130 69 99 159 110 10 109 122 17 0
13
0 0 7 6 39 195 188 167 103 196 179 62 0
13
0 0 14 140 191 81 131 144 96 15 117 85 0
