20
12
0 115 22 110 199 185 72 108 90 11 3 0
12
0 111 13 141 2 155 179 177 170 195 39 0
12
0 112 117 163 21 97 12 129 86 162 85 0
12
0 100 58 25 113 65 40 7 18 183 75 0
12
0 198 16 143 121 192 91 188 34 120 101 0
12
0 59 60 95 88 145 173 55 37 62 123 0
12
0 164 134 103 171 70 24 74 136 81 196 0
12
0 1 50 182 165 157 41 17 151 107 102 0
12
0 181 118 5 38 6 169 109 49 135 15 0
12
0 190 84 56 167 193 27 30 78 42 124 0
12
0 28 127 63 172 31 175 138 133 87 104 0
12
0 61 89 36 114 14 137 32 64 76 73 0
12
0 57 52 53 189 47 106 8 105 94 33 0
12
0 149 140 67 93 168 98 9 197 66 139 0
12
0 144 83 10 99 156 150 130 187 71 69 0
12
0 176 77 178 4 152 154 126 116 158 23 0
12
0 184 160 153 51 186 147 54 80 20 194 0
12
0 180 82 166 146 148 48 174 161 119 43 0
12
0 122 68 92 159 200 132 29 46 191 35 0
12
0 128 79 142 45 125 19 44 131 96 26 0
