50
12
0 251 184 487 9 149 120 127 174 282 456 0
12
0 47 60 277 418 294 428 200 497 306 334 0
12
0 425 414 412 32 138 326 18 462 58 163 0
12
0 374 373 303 75 391 248 97 28 464 240 0
12
0 488 23 12 420 265 56 469 278 498 44 0
12
0 463 102 189 466 267 330 36 427 354 142 0
12
0 387 53 183 159 416 478 385 263 457 114 0
12
0 479 336 348 117 181 293 338 439 68 71 0
12
0 1 123 313 150 77 396 193 92 130 208 0
12
0 59 108 356 270 220 369 30 318 472 467 0
12
0 273 126 10 364 408 311 140 233 185 173 0
12
0 242 413 90 432 470 215 15 436 389 143 0
12
0 384 317 147 260 42 101 484 371 128 246 0
12
0 434 353 344 307 346 124 205 236 499 11 0
12
0 393 337 84 74 19 284 309 445 76 259 0
12
0 118 430 212 99 239 444 454 316 34 422 0
12
0 216 321 93 377 27 229 447 333 96 110 0
12
0 169 168 493 211 411 372 137 477 328 492 0
12
0 367 89 61 125 29 347 8 383 500 80 0
12
0 446 179 340 245 85 119 410 357 112 210 0
12
0 227 370 323 476 407 166 380 406 268 397 0
12
0 232 43 437 329 451 141 381 474 223 86 0
12
0 180 349 55 218 234 298 247 312 67 46 0
12
0 301 65 230 395 394 415 315 129 228 276 0
12
0 254 83 196 41 319 302 332 441 182 106 0
12
0 3 368 429 486 243 98 448 241 320 54 0
12
0 22 146 419 160 231 100 286 14 455 449 0
12
0 81 485 342 167 314 202 350 132 175 291 0
12
0 72 91 295 468 375 257 188 153 154 133 0
12
0 339 324 300 57 35 40 152 199 363 186 0
12
0 405 13 496 39 207 136 237 104 37 431 0
12
0 165 62 308 335 164 191 209 26 266 151 0
12
0 325 31 64 460 139 107 176 219 433 38 0
12
0 423 366 281 483 113 197 453 398 5 481 0
12
0 482 2 255 426 258 171 111 494 440 287 0
12
0 145 297 285 290 156 438 403 361 87 70 0
12
0 94 421 33 435 386 458 79 461 443 109 0
12
0 17 78 280 299 253 274 177 134 121 25 0
12
0 360 198 52 296 490 341 172 351 409 144 0
12
0 378 399 459 161 269 24 16 473 388 475 0
12
0 450 238 331 203 6 195 21 471 495 404 0
12
0 256 252 327 95 49 359 63 213 271 73 0
12
0 275 400 190 283 250 343 69 148 82 4 0
12
0 155 465 417 103 226 122 379 279 194 178 0
12
0 105 292 116 51 304 480 45 217 206 162 0
12
0 424 402 355 352 201 491 222 272 382 192 0
12
0 88 310 115 158 392 452 376 224 358 305 0
12
0 50 249 66 214 131 401 442 204 135 345 0
12
0 20 365 390 221 262 362 489 225 322 157 0
12
0 289 264 288 244 187 48 235 261 7 170 0
