20
13
0 32 9 86 98 50 1 131 179 48 108 177 0
13
0 18 60 59 116 166 2 199 189 153 63 132 0
15
0 54 42 46 115 39 125 45 124 104 3 123 26 33 0
10
0 122 87 4 178 85 58 80 164 0
10
0 196 73 169 11 5 162 150 159 0
14
0 71 152 195 102 62 20 15 94 76 6 126 37 0
11
0 77 53 146 72 84 185 163 117 95 0
11
0 23 191 81 69 128 89 147 8 105 0
13
0 186 67 36 149 49 135 79 140 198 31 10 0
10
0 181 88 158 12 113 156 157 180 0
14
0 74 91 192 142 13 22 114 17 151 111 16 75 0
15
0 168 165 14 137 187 56 160 52 200 171 93 40 127 0
15
0 183 24 97 118 110 143 121 82 141 172 99 190 21 0
11
0 144 138 51 161 139 25 109 120 107 0
11
0 119 130 133 78 68 27 66 92 176 0
11
0 100 34 193 28 173 188 167 182 19 0
11
0 194 101 175 136 106 47 29 41 145 0
11
0 184 155 65 197 44 129 30 70 83 0
10
0 43 35 61 112 7 148 96 134 0
11
0 64 38 103 170 174 55 90 154 57 0
