10
21
0 25 10 3 13 23 186 176 179 133 98 89 77 80 91 4 9 1 16 19 0
22
0 20 2 24 5 14 7 123 102 187 103 114 110 6 11 199 12 8 21 22 15 0
21
0 200 139 144 128 148 125 131 137 130 129 135 141 138 126 180 35 34 27 47 0
21
0 142 146 66 52 68 51 41 26 48 197 185 161 168 164 170 184 181 177 192 0
23
0 75 70 38 59 61 50 40 72 30 178 32 53 49 45 29 31 42 36 43 44 37 0
22
0 54 60 64 71 55 33 73 193 63 65 74 62 67 58 57 69 56 39 28 46 0
20
0 17 198 191 173 190 90 76 85 183 132 127 147 140 145 136 134 143 189 0
24
0 18 79 78 96 82 95 86 87 92 83 81 97 84 88 99 100 93 94 194 196 195 174 0
22
0 105 124 101 108 115 104 112 117 122 109 113 116 111 120 107 119 118 106 121 175 0
24
0 182 165 162 154 171 160 151 152 166 172 157 149 169 150 167 153 155 158 159 163 156 188 0
