50
12
0 122 407 101 398 480 289 358 462 63 70 0
11
0 405 165 419 14 175 118 394 15 400 0
11
0 159 496 17 106 110 99 19 103 113 0
13
0 153 154 151 163 460 161 155 474 5 9 4 0
11
0 463 119 376 393 291 372 406 387 182 0
12
0 96 107 109 7 114 102 2 11 3 18 0
11
0 450 132 131 123 121 104 97 112 1 0
11
0 115 128 120 125 116 186 100 181 6 0
11
0 129 169 183 176 185 413 13 98 16 0
11
0 336 479 170 174 173 440 293 285 487 0
16
0 348 346 339 32 416 421 379 20 337 340 30 334 36 401 0
11
0 23 347 341 454 167 160 158 384 327 0
13
0 335 342 338 345 22 21 332 324 386 319 314 0
13
0 331 333 24 28 34 38 35 31 33 37 26 0
11
0 25 29 388 381 464 497 447 310 499 0
11
0 437 458 27 374 418 426 403 396 233 0
11
0 391 435 415 295 303 312 468 389 420 0
12
0 375 130 308 457 302 306 311 298 300 296 0
12
0 247 251 252 246 91 377 85 50 39 495 0
11
0 87 88 472 79 82 475 471 485 42 0
12
0 256 93 500 89 92 41 51 44 196 187 0
12
0 452 54 422 55 52 443 444 395 478 43 0
12
0 254 189 204 243 250 248 53 477 49 45 0
12
0 453 404 86 459 78 84 80 40 46 47 0
12
0 197 202 192 249 242 481 258 255 48 241 0
14
0 195 201 276 198 272 203 268 275 269 270 56 57 0
11
0 445 476 378 172 124 280 278 286 12 0
12
0 108 281 294 76 66 373 72 292 360 8 0
12
0 10 111 67 68 61 62 75 355 364 362 0
12
0 425 410 71 73 277 430 58 65 290 380 0
12
0 60 284 105 59 354 282 283 349 365 359 0
13
0 69 64 74 353 357 469 361 352 350 363 371 0
12
0 227 146 237 235 139 77 81 244 190 441 0
11
0 239 215 212 218 209 392 83 231 417 0
12
0 90 370 194 200 193 273 199 264 188 191 0
11
0 465 144 213 219 221 399 94 95 257 0
11
0 245 253 470 484 177 127 171 184 126 0
11
0 205 214 222 438 180 117 179 178 414 0
11
0 230 141 138 143 133 229 385 490 427 0
11
0 134 135 207 211 217 208 220 206 442 0
12
0 232 238 223 225 149 224 136 150 240 429 0
11
0 236 145 147 140 142 210 137 216 397 0
12
0 344 423 382 493 226 148 492 434 467 368 0
15
0 408 164 156 152 166 162 168 409 157 433 483 390 369 0
13
0 259 263 271 265 260 274 262 266 267 261 466 0
12
0 228 234 313 323 321 494 317 329 424 322 0
12
0 351 383 366 473 356 288 287 279 446 451 0
15
0 486 449 402 432 411 461 305 299 309 301 304 297 307 0
15
0 343 316 320 326 315 330 328 318 325 482 448 439 488 0
12
0 491 367 412 455 436 456 428 431 498 489 0
