200
8
0 0 143 352 362 503 945 0
8
0 0 702 543 950 257 576 0
8
0 0 423 446 296 299 414 0
8
0 0 34 989 170 710 106 0
8
0 0 310 798 67 419 313 0
8
0 0 24 838 708 408 530 0
8
0 0 986 354 621 581 105 0
8
0 0 92 943 219 235 161 0
8
0 0 157 492 533 717 958 0
8
0 0 909 776 59 309 786 0
8
0 0 244 262 694 700 889 0
8
0 0 598 722 449 142 175 0
8
0 0 778 190 250 426 486 0
8
0 0 139 484 959 875 779 0
8
0 0 123 718 4 455 303 0
8
0 0 988 252 439 862 154 0
8
0 0 743 297 655 369 156 0
8
0 0 545 552 972 25 563 0
8
0 0 15 502 23 22 642 0
8
0 0 885 695 541 332 675 0
8
0 0 293 551 596 208 248 0
8
0 0 617 699 549 259 433 0
8
0 0 144 475 890 644 787 0
8
0 0 388 494 759 684 900 0
8
0 0 659 660 777 456 278 0
8
0 0 603 667 516 344 108 0
8
0 0 249 570 960 505 463 0
8
0 0 974 364 924 774 623 0
8
0 0 688 45 733 918 379 0
8
0 0 444 51 912 167 614 0
8
0 0 98 132 39 583 343 0
8
0 0 893 267 114 575 17 0
8
0 0 908 231 241 618 831 0
8
0 0 32 63 290 342 192 0
8
0 0 228 844 540 773 876 0
8
0 0 493 124 941 483 116 0
8
0 0 470 263 513 802 994 0
8
0 0 199 705 529 357 735 0
8
0 0 810 731 673 782 661 0
8
0 0 1 632 609 593 402 0
8
0 0 61 807 284 783 337 0
8
0 0 236 573 560 887 772 0
8
0 0 834 771 350 218 643 0
8
0 0 579 289 288 216 377 0
8
0 0 68 982 656 435 595 0
8
0 0 87 403 118 16 107 0
8
0 0 314 430 44 647 729 0
8
0 0 857 821 212 443 318 0
8
0 0 271 597 888 565 687 0
8
0 0 246 243 851 521 510 0
8
0 0 746 46 955 319 226 0
8
0 0 638 457 820 55 302 0
8
0 0 553 651 811 385 829 0
8
0 0 634 400 859 353 769 0
8
0 0 781 384 358 275 371 0
8
0 0 822 57 568 387 932 0
8
0 0 2 269 489 160 517 0
8
0 0 964 79 657 780 639 0
8
0 0 164 292 670 129 993 0
8
0 0 322 197 359 726 742 0
8
0 0 886 96 130 588 280 0
8
0 0 732 690 707 477 424 0
8
0 0 954 701 458 928 382 0
8
0 0 247 749 153 935 396 0
8
0 0 724 616 813 134 766 0
8
0 0 897 756 448 714 120 0
8
0 0 20 83 119 478 469 0
8
0 0 582 799 672 77 56 0
8
0 0 817 431 473 913 417 0
8
0 0 920 577 942 496 925 0
8
0 0 711 220 9 797 818 0
8
0 0 795 546 181 855 936 0
8
0 0 52 725 803 794 312 0
8
0 0 166 172 693 728 30 0
8
0 0 867 965 512 321 911 0
8
0 0 437 436 592 200 338 0
8
0 0 41 507 929 10 162 0
8
0 0 450 84 547 80 775 0
8
0 0 495 304 85 917 676 0
8
0 0 896 239 86 383 401 0
8
0 0 442 915 201 762 340 0
8
0 0 151 89 103 949 571 0
8
0 0 194 738 902 376 464 0
8
0 0 580 186 678 71 526 0
8
0 0 336 268 19 36 877 0
8
0 0 413 861 37 75 587 0
8
0 0 373 992 523 532 461 0
8
0 0 951 555 141 135 286 0
8
0 0 996 814 585 748 520 0
8
0 0 613 737 189 586 425 0
8
0 0 685 677 1000 884 148 0
8
0 0 741 472 453 294 567 0
8
0 0 594 21 307 792 716 0
8
0 0 31 712 998 266 899 0
8
0 0 117 405 498 136 277 0
8
0 0 203 301 113 509 770 0
8
0 0 70 366 680 764 841 0
8
0 0 556 615 662 28 892 0
8
0 0 191 697 910 589 962 0
8
0 0 171 169 69 214 878 0
8
0 0 933 48 860 874 18 0
8
0 0 410 696 195 223 730 0
8
0 0 47 409 418 637 679 0
8
0 0 146 311 65 835 760 0
8
0 0 126 689 665 793 102 0
8
0 0 215 669 415 476 474 0
8
0 0 922 145 528 368 837 0
8
0 0 744 796 622 515 947 0
8
0 0 901 668 287 873 527 0
8
0 0 3 331 944 852 995 0
8
0 0 985 412 946 849 628 0
8
0 0 606 826 755 467 566 0
8
0 0 640 625 429 853 967 0
8
0 0 43 149 101 205 206 0
8
0 0 365 390 635 830 952 0
8
0 0 490 407 335 225 805 0
8
0 0 295 906 315 923 845 0
8
0 0 506 361 610 485 54 0
8
0 0 395 767 204 347 127 0
8
0 0 488 285 99 227 727 0
8
0 0 895 604 328 624 230 0
8
0 0 970 511 155 713 674 0
8
0 0 140 327 574 745 806 0
8
0 0 907 283 508 768 260 0
8
0 0 850 372 968 202 846 0
8
0 0 734 761 531 828 703 0
8
0 0 686 182 251 815 351 0
8
0 0 242 564 179 209 812 0
8
0 0 789 460 254 305 633 0
8
0 0 58 891 397 393 683 0
8
0 0 948 646 462 832 550 0
8
0 0 666 658 879 557 620 0
8
0 0 147 95 956 5 35 0
8
0 0 74 919 612 238 392 0
8
0 0 723 600 983 524 619 0
8
0 0 865 49 827 363 207 0
8
0 0 804 754 374 519 903 0
8
0 0 73 757 325 636 978 0
8
0 0 40 66 957 261 801 0
8
0 0 110 122 881 253 870 0
8
0 0 459 572 14 784 649 0
8
0 0 394 627 630 872 562 0
8
0 0 13 578 42 641 537 0
8
0 0 809 221 210 847 451 0
8
0 0 53 454 298 980 406 0
8
0 0 434 270 601 880 843 0
8
0 0 264 222 111 334 953 0
8
0 0 198 256 536 497 709 0
8
0 0 971 273 300 868 427 0
8
0 0 193 178 663 720 173 0
8
0 0 973 487 969 648 276 0
8
0 0 602 78 491 466 6 0
8
0 0 306 188 391 138 100 0
8
0 0 26 452 522 584 833 0
8
0 0 842 539 480 90 605 0
8
0 0 440 348 538 894 963 0
8
0 0 404 232 819 504 561 0
8
0 0 976 653 763 38 631 0
8
0 0 416 882 671 883 240 0
8
0 0 499 931 399 398 938 0
8
0 0 422 326 629 753 765 0
8
0 0 500 7 626 548 349 0
8
0 0 11 27 386 465 534 0
8
0 0 863 650 360 921 33 0
8
0 0 721 916 213 966 94 0
8
0 0 740 715 542 370 333 0
8
0 0 559 785 378 112 479 0
8
0 0 93 869 514 324 704 0
8
0 0 152 501 554 177 719 0
8
0 0 999 265 981 133 997 0
8
0 0 599 255 176 445 691 0
8
0 0 272 187 76 88 421 0
8
0 0 367 184 468 60 800 0
8
0 0 905 482 375 339 137 0
8
0 0 62 196 158 234 165 0
8
0 0 739 72 607 961 848 0
8
0 0 927 979 788 898 291 0
8
0 0 698 977 245 791 381 0
8
0 0 64 50 438 8 645 0
8
0 0 747 163 856 279 29 0
8
0 0 217 939 990 544 611 0
8
0 0 150 282 991 864 224 0
8
0 0 750 91 233 858 258 0
8
0 0 816 558 825 329 692 0
8
0 0 346 81 914 481 975 0
8
0 0 428 836 441 317 308 0
8
0 0 432 790 174 984 904 0
8
0 0 751 12 823 355 518 0
8
0 0 82 926 168 706 808 0
8
0 0 115 535 356 128 109 0
8
0 0 569 471 211 159 940 0
8
0 0 131 934 121 420 736 0
8
0 0 125 274 237 652 411 0
8
0 0 330 281 824 525 180 0
8
0 0 871 229 183 930 866 0
8
0 0 316 389 104 345 654 0
8
0 0 839 185 840 752 320 0
8
0 0 682 608 937 591 664 0
8
0 0 987 681 758 380 447 0
8
0 0 323 341 854 590 97 0
