100
11
0 767 113 671 918 8 6 14 598 641 0
11
0 952 17 921 18 267 2 877 975 773 0
11
0 749 121 120 126 264 117 346 9 3 0
11
0 4 268 352 350 116 111 124 757 38 0
12
0 5 615 702 936 548 834 544 545 549 867 0
11
0 746 259 1 629 915 823 607 812 341 0
11
0 856 827 258 927 649 970 997 681 943 0
11
0 125 353 759 872 253 15 811 723 981 0
11
0 257 13 11 782 558 550 794 999 717 0
11
0 954 931 706 262 12 958 956 776 380 0
11
0 10 788 906 619 254 349 340 650 342 0
11
0 16 255 339 663 626 774 763 819 391 0
12
0 664 19 296 698 25 24 797 761 97 107 0
12
0 642 20 634 750 100 805 291 659 916 298 0
13
0 962 21 865 32 34 31 850 295 755 300 898 0
12
0 22 700 624 39 957 378 311 384 606 891 0
11
0 23 963 108 132 142 287 734 285 799 0
12
0 27 297 303 96 104 94 29 33 36 26 0
12
0 28 881 878 301 293 984 737 728 863 949 0
12
0 30 141 787 299 294 304 289 784 292 130 0
12
0 604 35 106 93 91 790 101 102 843 92 0
12
0 753 48 37 868 854 972 964 978 871 950 0
11
0 703 637 855 809 52 47 795 122 123 0
11
0 821 667 1000 764 51 41 793 661 705 0
12
0 317 42 40 44 53 947 847 54 860 668 0
14
0 316 374 310 644 305 977 43 45 46 514 525 49 0
12
0 308 513 517 518 520 609 521 510 813 968 0
11
0 50 515 695 817 610 675 752 241 928 0
14
0 55 61 62 945 56 851 69 187 60 441 186 685 0
11
0 70 493 508 72 57 71 455 450 876 0
12
0 449 59 820 448 196 969 445 58 679 669 0
12
0 743 965 453 454 789 888 188 189 63 190 0
12
0 777 507 68 181 64 618 989 194 191 446 0
12
0 699 65 505 500 498 506 502 494 599 828 0
12
0 499 67 66 770 159 766 895 153 729 421 0
12
0 73 779 338 78 76 90 322 336 335 398 0
12
0 74 205 251 199 83 201 689 608 206 893 0
12
0 747 245 323 77 75 337 238 210 86 327 0
12
0 670 216 211 79 328 662 715 601 324 816 0
12
0 209 248 80 250 330 329 713 727 401 822 0
12
0 708 203 200 81 244 88 207 89 84 247 0
13
0 996 879 236 82 237 334 332 325 333 861 594 0
11
0 701 982 910 630 326 85 240 249 87 0
15
0 288 302 134 133 143 127 139 144 103 105 95 98 99 0
11
0 109 760 896 256 7 687 859 645 912 0
11
0 631 110 118 355 998 791 798 901 803 0
11
0 852 937 112 730 119 837 673 396 973 0
11
0 691 709 114 351 345 869 848 397 395 0
11
0 457 266 347 348 740 344 343 115 953 0
11
0 260 725 994 914 748 632 621 491 656 0
12
0 684 290 136 995 710 129 137 140 138 128 0
12
0 131 135 923 924 272 286 273 781 283 841 0
13
0 622 146 156 154 148 145 423 720 960 966 824 0
12
0 185 738 818 785 939 147 796 158 652 736 0
12
0 409 155 934 149 680 157 836 765 983 553 0
12
0 845 162 161 414 413 151 890 420 416 411 0
12
0 719 160 904 933 885 150 152 688 762 412 0
14
0 474 714 173 979 993 542 164 170 540 488 478 485 0
11
0 628 234 561 571 459 460 165 870 168 0
12
0 917 486 600 475 739 778 166 169 541 480 0
12
0 660 657 473 574 464 980 167 533 527 175 0
12
0 224 528 463 539 179 172 560 887 223 222 0
12
0 780 489 826 176 487 490 678 458 566 683 0
12
0 177 530 531 178 565 467 466 469 696 562 0
12
0 592 163 180 568 572 472 465 569 221 232 0
12
0 894 639 935 672 643 182 443 897 261 184 0
12
0 806 492 504 501 497 496 908 495 183 197 0
11
0 745 716 198 503 193 192 456 905 263 0
11
0 712 195 452 451 444 265 758 665 270 0
12
0 442 246 829 239 214 202 243 252 331 771 0
12
0 731 235 212 903 208 204 754 694 625 899 0
16
0 215 961 213 242 911 704 724 276 839 271 284 275 282 274 0
14
0 227 229 233 217 218 919 428 985 435 436 438 786 0
12
0 880 532 535 220 219 470 842 570 439 974 0
12
0 477 534 697 538 537 529 536 526 225 230 0
14
0 226 426 430 429 431 432 367 434 440 732 360 370 0
12
0 575 564 576 462 595 228 231 597 707 613 0
12
0 269 476 853 612 171 690 174 635 573 461 0
13
0 925 279 280 775 277 278 884 951 281 654 756 0
12
0 674 832 320 381 321 315 309 306 825 523 0
12
0 389 375 733 909 319 307 376 388 711 382 0
12
0 314 318 379 312 801 987 519 511 522 840 0
12
0 988 373 377 383 386 387 385 627 835 313 0
11
0 354 802 815 666 874 938 902 967 433 0
14
0 437 363 425 356 372 365 366 369 364 362 368 424 0
13
0 722 830 971 944 359 357 942 427 358 833 655 0
12
0 482 658 567 563 468 651 605 371 900 361 0
12
0 866 742 390 392 718 603 889 614 783 976 0
12
0 400 873 677 403 393 955 810 692 862 623 0
11
0 892 726 402 686 399 986 404 990 804 0
11
0 857 405 394 406 929 913 741 751 617 0
13
0 407 926 588 646 633 930 682 422 693 849 611 0
12
0 721 579 846 582 419 585 581 769 410 408 0
16
0 557 590 543 587 744 948 941 792 586 415 417 418 616 844 0
12
0 858 481 882 648 959 479 653 638 471 831 0
12
0 483 484 940 596 946 875 554 559 932 584 0
12
0 512 516 640 509 524 800 647 768 602 886 0
12
0 546 838 555 552 883 556 907 547 551 591 0
13
0 447 864 578 580 577 593 583 589 807 772 636 0
11
0 920 735 814 922 620 676 991 808 992 0
