50
13
0 0 180 183 311 498 37 345 437 124 413 223 0
13
0 0 342 433 4 64 350 362 85 260 135 217 0
13
0 0 403 256 273 361 364 280 144 146 147 379 0
13
0 0 326 466 412 476 69 76 357 446 307 177 0
13
0 0 394 73 406 132 79 45 385 318 32 458 0
13
0 0 221 484 9 483 419 312 432 388 188 337 0
13
0 0 194 251 377 309 75 61 14 232 319 324 0
13
0 0 233 230 111 1 427 314 421 26 242 139 0
13
0 0 459 91 397 123 389 283 393 2 151 317 0
13
0 0 390 161 408 220 178 428 57 42 237 344 0
13
0 0 27 170 462 429 238 264 262 195 201 258 0
13
0 0 246 52 50 420 125 128 157 323 35 396 0
13
0 0 331 375 198 300 435 17 18 15 499 234 0
13
0 0 213 399 113 294 431 55 241 81 149 21 0
13
0 0 482 153 277 278 451 371 77 253 148 416 0
13
0 0 289 355 48 271 187 434 369 407 117 418 0
13
0 0 332 239 493 155 292 175 49 444 443 236 0
13
0 0 215 101 71 293 116 436 422 259 44 347 0
13
0 0 160 65 356 96 186 46 404 224 231 333 0
13
0 0 441 56 468 167 163 384 228 225 338 341 0
13
0 0 7 59 301 169 92 93 254 87 3 488 0
13
0 0 209 485 391 360 279 104 110 106 166 336 0
13
0 0 489 358 103 100 6 98 330 386 30 255 0
13
0 0 70 62 310 203 481 90 141 19 12 140 0
13
0 0 327 158 351 282 99 181 176 491 472 335 0
13
0 0 202 296 295 10 152 145 382 316 22 31 0
13
0 0 126 172 288 455 495 212 206 392 23 34 0
13
0 0 492 121 461 299 402 395 196 417 235 467 0
13
0 0 88 115 182 174 112 16 494 439 424 325 0
13
0 0 20 28 247 192 204 266 303 165 134 368 0
13
0 0 398 353 415 305 43 268 78 119 207 208 0
13
0 0 313 136 102 82 84 89 274 248 86 38 0
13
0 0 454 401 245 216 173 365 366 284 276 252 0
13
0 0 120 359 308 298 497 367 199 453 340 339 0
13
0 0 477 270 54 214 414 447 376 8 496 24 0
13
0 0 164 405 168 400 114 302 478 39 171 240 0
13
0 0 244 471 486 410 63 105 286 130 159 36 0
13
0 0 218 107 380 68 290 94 370 465 229 320 0
13
0 0 226 438 53 456 372 430 97 162 328 25 0
13
0 0 321 205 227 250 452 306 74 67 13 378 0
13
0 0 189 263 267 411 122 387 287 109 5 490 0
13
0 0 249 41 445 352 425 448 322 423 479 211 0
13
0 0 83 243 261 200 33 329 138 222 60 118 0
13
0 0 133 143 108 72 383 349 281 11 409 343 0
13
0 0 156 285 185 475 269 272 190 257 150 29 0
13
0 0 480 354 373 363 487 80 191 193 219 315 0
13
0 0 334 265 47 40 470 457 291 154 450 142 0
13
0 0 137 66 469 449 129 179 127 51 275 346 0
13
0 0 58 473 297 464 95 426 184 463 210 348 0
13
0 0 374 197 500 460 474 440 304 381 131 442 0
