10
23
0 0 194 20 50 47 56 114 126 1 127 123 156 94 71 153 135 149 57 89 193 138 0
23
0 0 109 116 140 120 5 111 40 42 29 22 30 51 37 39 48 187 200 175 121 189 0
23
0 0 199 141 131 107 104 61 66 59 168 129 73 93 183 146 136 36 179 145 92 88 0
23
0 0 98 154 191 190 2 102 75 79 27 25 164 52 112 137 155 143 162 142 78 76 0
23
0 0 108 10 13 167 188 67 55 152 176 124 139 170 24 82 84 87 182 148 53 178 0
23
0 0 97 100 80 26 128 133 197 14 8 7 117 103 173 64 62 68 44 134 195 186 0
23
0 0 63 60 54 65 157 35 28 159 115 6 144 118 147 198 160 101 90 185 69 130 0
23
0 0 132 119 70 125 58 113 106 184 11 192 34 19 33 46 49 38 43 165 86 161 0
23
0 0 96 180 16 105 45 41 31 21 158 196 72 74 77 81 12 3 9 17 177 163 0
23
0 0 151 150 174 15 4 110 91 166 85 83 95 99 169 172 181 32 122 18 23 171 0
