100
11
0 266 154 404 902 1 84 106 526 662 0
15
0 30 2 904 800 806 728 34 691 413 320 617 206 895 0
11
0 3 644 871 282 346 585 821 858 953 0
11
0 659 4 727 932 854 645 151 165 761 0
12
0 771 929 548 538 483 82 125 635 251 5 0
11
0 768 713 886 757 13 6 159 472 733 0
11
0 897 964 571 113 505 513 76 7 261 0
13
0 656 516 339 697 145 836 8 655 650 217 565 0
11
0 812 938 318 414 698 927 999 419 9 0
13
0 340 458 930 531 418 406 491 882 289 10 628 0
11
0 967 59 218 112 11 436 343 439 416 0
12
0 338 342 539 403 887 475 211 134 12 487 0
11
0 975 861 710 14 951 433 894 295 376 0
14
0 514 424 874 15 224 664 385 949 851 477 54 864 0
12
0 723 943 392 226 272 484 16 961 736 443 0
11
0 732 889 182 228 853 885 17 48 61 0
11
0 225 977 510 18 220 959 586 891 349 0
12
0 856 290 205 934 501 19 522 992 813 960 0
15
0 721 848 20 314 892 779 676 781 804 716 818 425 952 0
11
0 842 328 21 72 596 351 978 690 577 0
11
0 22 361 234 135 496 141 913 547 770 0
11
0 802 23 197 448 79 777 227 591 722 0
12
0 24 801 303 278 355 564 658 192 556 147 0
12
0 223 903 178 256 146 25 780 158 309 26 0
11
0 137 27 409 826 868 273 669 39 109 0
12
0 380 263 175 77 792 78 629 28 336 398 0
16
0 766 247 97 957 918 365 383 740 381 534 731 970 29 652 0
11
0 31 750 589 595 389 976 878 67 772 0
11
0 900 686 80 306 162 637 32 693 823 0
14
0 476 862 940 330 64 831 627 277 702 245 33 410 0
12
0 841 156 358 703 93 666 631 352 202 35 0
11
0 623 865 962 875 60 965 36 442 973 0
12
0 359 431 980 185 37 782 326 363 149 188 0
12
0 846 38 166 717 276 464 567 603 742 490 0
11
0 452 40 816 956 445 66 222 288 45 0
11
0 634 41 621 521 543 815 995 281 399 0
12
0 374 890 680 390 607 91 504 42 954 657 0
15
0 474 467 517 260 43 203 447 581 248 735 711 90 869 0
15
0 883 997 417 837 588 573 44 179 432 500 98 95 677 0
11
0 834 92 741 46 936 402 765 756 333 0
16
0 47 128 195 102 912 364 553 493 471 528 570 793 335 119 0
11
0 527 689 593 87 624 444 820 803 132 0
12
0 566 271 302 394 497 367 49 56 337 830 0
12
0 142 177 968 817 888 208 469 935 827 50 0
11
0 983 51 610 670 511 819 492 468 238 0
13
0 173 253 908 52 127 115 654 920 709 958 797 0
11
0 744 204 100 673 420 57 53 641 986 0
15
0 301 580 434 74 532 998 307 795 906 55 545 153 400 0
11
0 884 58 427 974 332 312 606 787 663 0
11
0 280 665 232 679 304 62 972 108 575 0
11
0 726 136 357 242 341 63 437 503 252 0
13
0 65 250 176 700 987 519 274 881 111 213 681 0
11
0 614 140 412 347 551 68 996 473 236 0
12
0 870 754 308 70 199 73 105 193 729 450 0
11
0 494 170 235 706 254 191 712 619 348 0
11
0 660 350 449 632 75 429 587 124 844 0
11
0 598 910 229 849 81 612 966 440 873 0
12
0 985 379 946 369 83 916 796 653 737 879 0
11
0 552 579 96 372 928 630 85 829 110 0
12
0 734 604 171 682 683 86 809 152 237 905 0
15
0 859 285 255 298 395 144 824 671 931 982 924 267 88 0
12
0 724 939 515 923 186 89 360 751 391 529 0
11
0 582 605 613 828 684 148 94 984 411 0
11
0 481 325 507 463 126 315 839 388 384 0
15
0 121 600 99 863 633 356 893 651 221 707 122 454 207 0
16
0 321 616 678 466 131 578 183 262 101 174 536 512 462 184 0
12
0 555 265 926 701 832 103 428 609 344 508 0
14
0 620 180 608 568 594 104 441 405 785 311 212 845 0
14
0 647 810 198 294 769 107 345 150 933 643 506 786 0
14
0 791 530 509 625 172 480 370 535 334 189 114 755 0
12
0 725 784 597 518 116 299 775 611 753 661 0
12
0 699 117 560 118 456 435 215 843 715 542 0
12
0 622 120 219 233 169 485 773 688 687 876 0
11
0 382 805 123 674 313 194 479 739 692 0
11
0 948 190 264 778 423 129 286 133 917 0
11
0 164 852 915 969 297 354 901 546 387 0
11
0 167 457 378 393 850 138 672 838 554 0
11
0 685 139 371 537 293 196 993 730 353 0
11
0 649 808 899 470 877 746 143 783 907 0
11
0 231 822 636 835 155 541 366 283 373 0
13
0 561 401 576 157 240 675 317 209 562 642 563 0
11
0 743 867 249 639 160 719 857 244 759 0
11
0 921 486 316 866 161 296 230 544 214 0
11
0 375 498 305 300 911 557 714 749 163 0
11
0 168 599 720 327 241 776 668 243 937 0
11
0 322 499 461 460 71 847 925 270 451 0
11
0 181 880 994 944 860 426 705 590 704 0
14
0 187 292 525 708 840 794 259 421 574 583 825 615 0
11
0 747 130 648 618 502 284 990 200 914 0
11
0 718 955 922 329 640 540 201 324 246 0
11
0 833 811 945 909 210 268 438 397 898 0
12
0 569 430 872 465 991 559 942 291 549 216 0
12
0 896 386 752 1000 407 239 694 453 696 758 0
12
0 257 482 558 638 764 989 279 331 799 368 0
15
0 258 760 310 789 947 602 495 963 979 550 362 788 377 0
11
0 269 745 774 767 855 446 626 981 455 0
11
0 950 533 459 275 584 572 646 748 988 0
11
0 738 396 971 489 695 69 287 814 667 0
12
0 415 520 919 601 319 763 790 408 523 807 0
11
0 422 941 524 592 478 488 798 323 762 0
