70
15
0 220 105 640 417 359 41 1 612 534 606 562 563 508 0
13
0 2 478 103 641 147 258 187 37 698 281 20 0
14
0 457 489 692 699 114 3 625 548 525 5 75 137 0
12
0 629 671 561 628 655 248 4 142 515 451 0
11
0 298 312 427 246 127 591 544 666 678 0
12
0 554 6 611 348 330 65 301 565 30 250 0
11
0 461 118 151 111 219 68 129 7 80 0
14
0 201 8 113 644 557 423 52 128 291 284 686 194 0
16
0 338 21 342 533 530 134 139 40 234 311 572 9 493 571 0
11
0 556 296 98 689 10 627 632 333 449 0
11
0 72 416 352 78 152 697 506 512 11 0
14
0 483 315 408 273 608 663 442 597 401 313 658 12 0
13
0 104 603 375 150 527 209 657 58 13 256 76 0
14
0 155 559 63 226 350 175 364 471 14 502 673 551 0
12
0 558 428 232 477 435 223 624 546 259 186 0
13
0 609 26 81 475 410 123 66 16 140 59 180 0
12
0 570 500 555 610 620 429 17 552 540 691 0
12
0 96 539 642 283 253 354 184 231 242 178 0
12
0 19 623 446 376 23 485 358 683 541 306 0
11
0 55 133 45 85 174 22 448 621 225 0
14
0 569 159 188 622 99 367 24 635 613 543 589 438 0
11
0 345 397 25 412 598 168 206 436 305 0
12
0 445 141 27 649 463 161 434 453 419 390 0
11
0 28 216 235 384 167 700 590 592 79 0
11
0 29 270 126 656 84 389 91 469 218 0
11
0 607 487 31 109 407 149 53 482 509 0
11
0 295 318 473 32 74 513 518 297 115 0
11
0 303 33 130 491 395 271 131 577 396 0
11
0 383 153 545 372 272 34 360 39 379 0
11
0 207 35 189 286 329 229 542 452 294 0
11
0 100 462 36 526 538 195 158 94 230 0
12
0 454 480 520 630 163 465 363 584 484 38 0
12
0 260 420 599 583 42 573 578 511 458 524 0
11
0 143 43 196 210 347 586 60 132 331 0
11
0 110 179 172 466 86 185 217 44 279 0
11
0 275 233 605 50 439 266 46 204 261 0
11
0 54 633 254 49 274 604 47 166 638 0
13
0 154 505 51 262 494 492 48 519 626 617 369 0
11
0 619 568 334 67 92 245 516 309 56 0
14
0 335 237 61 404 695 443 356 440 264 661 292 662 0
11
0 643 351 346 62 90 497 181 70 670 0
11
0 601 664 57 64 119 278 681 316 197 0
12
0 198 361 371 456 138 69 467 362 472 687 0
16
0 71 285 288 588 521 528 459 618 82 344 255 101 549 582 0
11
0 365 676 536 593 73 88 496 247 282 0
11
0 685 323 667 269 665 15 160 77 182 0
11
0 208 83 374 553 574 580 213 349 422 0
11
0 679 280 162 89 596 116 646 688 332 0
14
0 382 144 402 414 576 444 450 481 535 304 366 93 0
13
0 433 222 488 430 447 265 386 421 637 95 146 0
11
0 18 504 320 97 357 647 425 156 400 0
12
0 241 251 102 171 300 398 87 202 616 378 0
12
0 205 117 690 567 464 106 353 614 537 409 0
11
0 190 243 321 460 164 107 654 157 368 0
15
0 437 121 694 355 267 377 108 228 550 388 257 645 214 0
11
0 337 244 653 391 652 403 418 531 112 0
11
0 120 529 648 522 327 170 486 199 122 0
11
0 336 287 124 411 224 277 299 510 252 0
13
0 677 517 221 317 370 514 501 394 125 136 399 0
12
0 236 490 650 341 165 560 314 135 566 424 0
12
0 145 339 499 674 240 474 470 177 290 594 0
11
0 405 203 680 238 191 441 468 148 343 0
14
0 660 322 639 631 381 668 169 325 387 431 406 415 0
11
0 324 532 600 392 192 326 308 173 215 0
11
0 385 413 200 684 479 432 564 310 176 0
11
0 615 319 602 183 636 507 307 523 547 0
12
0 672 193 276 476 682 634 393 585 579 239 0
12
0 581 693 495 268 380 302 211 227 455 595 0
11
0 696 293 212 426 289 651 587 675 249 0
11
0 263 498 328 659 669 373 503 575 340 0
