100
13
0 0 187 655 409 354 648 829 228 979 717 470 0
13
0 0 581 227 620 212 118 780 278 322 603 908 0
13
0 0 292 794 121 234 965 41 640 955 562 805 0
13
0 0 34 417 53 100 749 574 616 101 439 18 0
13
0 0 631 84 598 112 715 311 697 509 124 258 0
13
0 0 499 462 944 216 577 542 204 527 605 139 0
13
0 0 80 609 821 850 180 455 627 474 349 728 0
13
0 0 179 403 911 359 718 762 108 684 967 123 0
13
0 0 252 197 356 164 423 62 404 105 115 797 0
13
0 0 766 607 421 960 926 153 208 446 978 92 0
13
0 0 800 649 947 757 552 507 475 445 309 537 0
13
0 0 738 958 192 973 573 991 284 188 55 841 0
13
0 0 397 395 708 99 845 872 986 679 689 972 0
13
0 0 352 514 137 529 233 657 558 379 564 193 0
13
0 0 313 143 882 431 273 485 913 257 26 127 0
13
0 0 526 798 536 128 736 420 373 444 254 198 0
13
0 0 788 851 174 638 680 871 626 910 394 936 0
13
0 0 658 569 677 44 256 889 22 565 388 398 0
13
0 0 93 743 735 481 505 406 437 840 903 178 0
13
0 0 171 594 785 135 557 704 515 637 621 353 0
13
0 0 33 661 659 37 860 215 604 612 543 20 0
13
0 0 922 89 533 714 441 25 72 36 140 314 0
13
0 0 16 162 387 950 324 298 671 363 357 768 0
13
0 0 362 317 918 213 819 705 990 114 333 148 0
13
0 0 624 144 255 921 203 983 167 816 561 490 0
13
0 0 731 138 489 540 919 802 23 200 235 550 0
13
0 0 611 660 321 747 81 737 261 984 182 709 0
13
0 0 685 698 833 19 40 957 560 732 307 831 0
13
0 0 789 189 360 879 663 719 862 372 422 347 0
13
0 0 497 634 263 113 326 342 863 641 847 382 0
13
0 0 556 378 583 554 88 618 350 823 961 877 0
13
0 0 117 66 21 522 898 71 706 147 853 332 0
13
0 0 245 548 914 214 897 464 885 622 752 493 0
13
0 0 495 155 461 13 336 546 669 39 12 29 0
13
0 0 691 73 597 869 248 389 484 700 448 185 0
13
0 0 686 843 102 695 858 103 251 951 710 160 0
13
0 0 532 265 184 591 803 632 368 432 946 330 0
13
0 0 952 938 32 345 970 896 814 300 868 906 0
13
0 0 818 963 78 270 530 836 468 547 976 70 0
13
0 0 892 433 817 571 994 392 500 427 772 106 0
13
0 0 337 266 595 361 553 262 483 341 323 792 0
13
0 0 629 968 54 791 376 820 887 327 306 741 0
13
0 0 320 730 506 915 75 584 438 592 419 692 0
13
0 0 980 625 722 541 758 274 246 443 411 425 0
13
0 0 280 890 688 651 646 832 370 340 725 848 0
13
0 0 883 570 119 694 126 753 303 9 927 765 0
13
0 0 931 924 217 218 457 971 418 815 665 253 0
13
0 0 966 969 122 226 997 150 264 770 521 396 0
13
0 0 272 237 948 328 51 776 186 864 17 878 0
13
0 0 56 459 145 590 844 94 220 414 884 801 0
13
0 0 703 784 175 434 449 838 239 7 442 977 0
13
0 0 702 125 348 656 76 426 374 229 647 742 0
13
0 0 865 43 281 287 511 610 852 133 754 899 0
13
0 0 69 585 201 859 275 279 482 142 325 38 0
13
0 0 31 57 809 195 876 630 61 486 998 834 0
13
0 0 699 243 207 893 807 429 767 900 24 739 0
13
0 0 402 867 6 664 224 165 478 964 132 2 0
13
0 0 812 196 219 391 191 440 662 48 886 940 0
13
0 0 166 498 923 15 488 602 60 636 690 3 0
13
0 0 156 11 501 525 503 761 50 380 943 643 0
13
0 0 693 120 259 344 538 929 400 85 58 479 0
13
0 0 64 74 424 480 854 619 959 916 652 750 0
13
0 0 90 476 385 539 683 141 774 544 159 676 0
13
0 0 808 467 711 678 454 912 236 613 563 721 0
13
0 0 83 956 1000 982 988 508 151 935 795 760 0
13
0 0 839 701 578 824 763 992 282 769 842 551 0
13
0 0 377 874 63 502 290 855 510 318 682 294 0
13
0 0 810 383 549 653 364 453 375 796 654 358 0
13
0 0 107 465 981 928 472 130 305 599 567 30 0
13
0 0 674 962 399 315 289 782 826 793 47 519 0
13
0 0 77 755 408 163 773 733 430 942 745 828 0
13
0 0 642 95 608 222 917 338 822 304 276 779 0
13
0 0 131 790 744 199 617 308 713 116 830 49 0
13
0 0 666 310 580 161 369 247 221 285 989 223 0
13
0 0 904 1 995 436 460 240 209 568 466 28 0
13
0 0 260 650 471 42 331 393 473 614 413 870 0
13
0 0 202 230 232 786 681 600 205 572 930 953 0
13
0 0 716 751 516 211 435 293 996 4 299 46 0
13
0 0 534 856 415 136 783 295 5 343 277 271 0
13
0 0 173 920 588 667 86 504 670 825 720 35 0
13
0 0 412 880 339 513 615 104 129 909 827 846 0
13
0 0 96 635 268 512 291 452 524 712 726 225 0
13
0 0 194 857 177 949 87 149 59 286 576 806 0
13
0 0 110 932 172 523 934 346 606 596 67 993 0
13
0 0 974 837 152 238 301 639 154 355 729 895 0
13
0 0 384 450 579 82 520 849 111 91 283 723 0
13
0 0 781 447 458 334 134 799 98 242 494 244 0
13
0 0 945 939 601 707 734 673 835 925 866 566 0
13
0 0 52 170 296 587 764 288 687 428 463 985 0
13
0 0 410 416 183 241 937 492 987 675 756 302 0
13
0 0 902 518 14 975 365 386 181 210 771 628 0
13
0 0 249 873 10 813 668 390 97 787 589 401 0
13
0 0 623 999 231 109 169 8 79 168 535 759 0
13
0 0 933 381 335 724 555 491 545 329 371 206 0
13
0 0 891 861 316 575 901 319 672 740 875 746 0
13
0 0 775 894 727 27 528 405 644 190 157 582 0
13
0 0 811 748 267 487 696 250 65 456 297 531 0
13
0 0 469 477 645 778 407 559 158 312 367 804 0
13
0 0 905 881 954 45 941 593 366 351 907 146 0
13
0 0 496 176 633 777 888 451 269 68 586 517 0
