50
10
0 105 180 1 227 106 145 385 12 0
15
0 217 2 149 130 27 255 9 495 318 459 101 487 160 0
13
0 110 129 473 77 372 97 198 3 244 439 428 0
10
0 256 4 162 297 173 38 161 197 0
11
0 75 351 277 476 211 369 5 91 308 0
12
0 485 100 181 413 333 416 6 62 496 478 0
12
0 500 88 7 292 353 288 107 405 8 436 0
14
0 472 252 36 251 249 239 10 457 302 499 257 234 0
11
0 310 313 272 73 404 266 11 104 15 0
11
0 463 83 72 269 118 90 152 13 432 0
11
0 278 222 443 490 461 14 28 79 307 0
11
0 16 346 216 26 284 397 261 142 446 0
11
0 349 139 250 296 176 17 52 254 324 0
11
0 366 491 464 300 497 474 291 20 18 0
13
0 364 212 421 21 340 375 426 103 470 263 218 0
12
0 22 121 345 264 455 67 137 339 477 332 0
13
0 414 493 40 468 189 31 23 87 453 452 166 0
11
0 316 24 112 63 124 429 213 419 282 0
14
0 25 154 143 163 240 285 360 81 259 475 275 46 0
14
0 359 317 341 286 111 171 140 488 29 238 102 127 0
11
0 237 95 435 199 33 147 323 183 415 0
13
0 422 232 34 209 191 71 290 44 182 384 393 0
13
0 337 116 120 283 85 376 35 418 51 331 55 0
11
0 37 482 327 427 260 208 417 471 392 0
12
0 438 270 295 132 258 268 406 64 379 39 0
11
0 447 356 403 373 430 466 486 41 117 0
12
0 367 267 115 42 126 465 235 451 177 363 0
10
0 411 305 294 43 201 352 390 49 0
11
0 378 348 480 394 150 93 265 45 409 0
13
0 219 330 484 215 47 190 186 483 298 158 230 0
11
0 223 48 207 56 362 354 74 195 420 0
15
0 433 54 148 151 479 467 371 155 382 320 444 50 400 0
12
0 276 388 441 389 135 53 170 153 123 228 0
12
0 365 187 347 391 57 396 156 315 280 175 0
11
0 65 336 58 146 321 188 131 32 125 0
15
0 387 59 185 133 289 246 434 109 82 312 454 157 492 0
10
0 303 113 231 395 60 309 319 184 0
12
0 329 368 279 299 407 203 61 220 214 196 0
12
0 141 399 225 66 424 70 425 274 357 169 0
10
0 449 86 377 206 172 253 494 68 0
12
0 204 445 456 281 273 334 247 69 431 114 0
12
0 76 134 128 301 328 144 80 322 192 94 0
14
0 30 194 344 242 178 370 437 342 481 248 450 78 0
15
0 236 84 226 245 380 408 205 412 402 489 92 243 122 0
11
0 374 440 174 442 460 343 210 19 96 0
12
0 355 202 398 119 311 98 361 193 350 165 0
11
0 271 469 306 99 410 229 168 179 108 0
11
0 381 287 304 262 462 136 498 233 89 0
14
0 224 338 293 448 241 221 314 325 167 326 386 138 0
11
0 383 423 164 200 335 401 458 358 159 0
