100
12
0 940 791 546 133 331 696 785 780 100 442 0
12
0 379 239 525 591 929 950 426 374 246 95 0
12
0 57 59 89 184 864 499 910 730 9 716 0
12
0 777 960 259 283 247 272 412 853 828 376 0
12
0 147 32 238 616 509 469 43 684 202 382 0
12
0 308 492 688 836 54 63 208 544 619 593 0
12
0 17 372 648 660 679 774 236 411 938 709 0
12
0 41 971 632 598 446 365 837 597 848 738 0
12
0 293 190 135 819 600 968 664 906 481 52 0
12
0 313 385 125 221 373 86 606 769 303 698 0
12
0 212 274 610 724 755 301 503 980 803 168 0
12
0 152 216 213 893 501 732 526 451 289 571 0
12
0 266 480 811 705 311 715 456 286 256 867 0
12
0 652 122 513 415 966 792 447 947 999 347 0
12
0 199 164 328 539 12 243 23 646 397 631 0
12
0 349 341 437 10 189 487 163 91 750 623 0
12
0 900 140 801 355 665 839 186 395 288 734 0
12
0 627 263 584 601 429 279 291 577 903 936 0
12
0 579 832 287 121 570 916 108 495 280 728 0
12
0 589 573 3 390 218 227 200 350 94 56 0
12
0 419 566 524 22 787 699 346 859 181 933 0
12
0 209 261 118 752 863 633 590 337 90 314 0
12
0 551 327 695 901 175 203 879 667 25 800 0
12
0 410 440 990 585 145 714 994 83 417 904 0
12
0 198 683 924 915 461 757 725 377 788 70 0
12
0 753 154 472 478 421 112 948 961 127 808 0
12
0 786 694 773 338 611 869 251 635 778 269 0
12
0 858 201 99 375 802 529 494 834 253 479 0
12
0 675 138 211 816 823 366 404 48 543 711 0
12
0 362 844 932 751 101 825 720 913 31 24 0
12
0 849 776 820 888 402 965 420 740 673 958 0
12
0 260 953 387 222 842 230 177 973 806 676 0
12
0 418 285 821 599 727 637 441 736 563 30 0
12
0 666 789 258 484 519 453 722 297 36 192 0
12
0 106 911 941 488 424 5 403 47 843 943 0
12
0 783 348 930 998 434 254 504 942 644 562 0
12
0 20 465 638 281 398 126 625 408 937 1 0
12
0 905 195 493 364 321 609 815 894 603 841 0
12
0 700 790 136 270 949 538 37 353 556 294 0
12
0 78 982 554 29 997 978 452 468 713 510 0
12
0 804 463 458 436 215 383 475 763 449 110 0
12
0 497 162 438 782 530 512 51 890 225 173 0
12
0 359 523 824 826 668 7 559 191 473 231 0
12
0 759 278 642 381 250 102 141 252 951 116 0
12
0 935 898 292 553 547 444 976 607 111 16 0
12
0 40 290 187 205 944 835 626 907 693 160 0
12
0 394 170 807 305 957 66 914 114 477 159 0
12
0 746 602 277 400 548 926 583 511 65 721 0
12
0 899 96 661 768 464 895 685 233 75 747 0
12
0 139 237 319 712 875 846 743 827 540 779 0
12
0 756 532 388 868 109 167 604 946 380 691 0
12
0 617 653 558 945 49 166 318 18 991 568 0
12
0 984 44 226 369 987 335 670 689 726 416 0
12
0 178 158 180 656 255 174 701 552 634 959 0
12
0 34 970 682 520 262 183 284 439 433 586 0
12
0 531 343 1000 737 871 392 84 304 639 581 0
12
0 564 378 119 707 838 409 507 299 92 902 0
12
0 244 399 188 847 97 500 450 206 654 143 0
12
0 681 758 407 955 476 710 891 595 196 537 0
12
0 148 702 628 522 137 995 295 85 636 115 0
12
0 425 963 74 15 357 587 393 541 430 2 0
12
0 812 574 536 103 939 224 13 214 877 818 0
12
0 596 219 241 923 268 406 6 886 643 73 0
12
0 64 671 650 560 658 927 662 928 35 739 0
12
0 443 423 229 11 88 370 130 761 87 46 0
12
0 741 151 575 342 76 339 334 775 271 967 0
12
0 384 977 396 77 640 210 833 448 672 985 0
12
0 325 172 459 81 912 368 956 989 521 317 0
12
0 934 207 618 323 306 996 766 58 358 649 0
12
0 508 69 356 687 405 155 496 204 889 240 0
12
0 588 534 620 445 82 296 14 744 745 53 0
12
0 482 680 45 455 68 962 310 124 708 150 0
12
0 467 854 624 880 749 641 845 129 663 908 0
12
0 460 265 704 128 432 107 427 686 885 781 0
12
0 621 592 462 466 794 19 860 176 878 333 0
12
0 952 974 361 67 228 502 483 391 764 282 0
12
0 870 414 276 972 795 851 71 422 257 920 0
12
0 925 235 856 169 345 772 645 873 866 760 0
12
0 629 431 326 840 594 506 796 80 193 194 0
12
0 897 302 33 329 964 220 264 872 324 678 0
12
0 117 733 770 486 55 315 862 830 810 157 0
12
0 413 223 767 881 657 360 344 161 797 754 0
12
0 474 831 535 516 814 454 988 197 917 865 0
12
0 517 248 580 298 983 471 954 98 371 320 0
12
0 367 113 8 134 969 435 690 975 567 123 0
12
0 718 50 336 921 857 674 892 60 42 576 0
12
0 322 659 514 555 572 533 799 883 993 692 0
12
0 765 614 389 21 528 887 813 267 931 515 0
12
0 26 723 386 149 61 784 979 93 38 105 0
12
0 703 545 874 62 72 234 217 655 731 401 0
12
0 717 719 28 762 817 4 363 485 498 729 0
12
0 582 809 986 793 300 144 79 242 798 316 0
12
0 630 491 882 185 354 179 647 822 855 742 0
12
0 550 527 142 153 578 489 651 565 557 332 0
12
0 165 428 612 457 992 876 549 351 182 605 0
12
0 146 981 622 615 131 919 132 829 771 307 0
12
0 490 677 104 542 850 669 39 697 748 922 0
12
0 569 896 120 275 505 340 245 518 861 852 0
12
0 156 884 309 312 232 273 909 735 470 805 0
12
0 561 171 918 608 27 706 330 249 613 352 0
