90
13
0 0 652 687 671 561 793 156 163 282 842 719 0
13
0 0 76 364 179 489 900 677 613 263 197 450 0
13
0 0 81 453 315 294 116 738 221 393 531 622 0
13
0 0 389 459 734 298 785 629 390 458 525 418 0
13
0 0 74 663 731 366 268 117 405 45 65 377 0
13
0 0 529 158 52 830 119 514 642 18 682 181 0
13
0 0 172 428 784 718 322 285 96 84 175 220 0
13
0 0 770 484 488 353 616 85 356 475 653 780 0
13
0 0 487 870 367 44 569 729 67 712 689 410 0
13
0 0 291 210 419 182 381 408 859 219 611 403 0
13
0 0 240 14 58 838 895 118 10 426 399 481 0
13
0 0 697 520 894 280 548 433 5 194 808 726 0
13
0 0 185 889 22 53 121 176 659 603 853 77 0
13
0 0 307 383 447 797 239 186 508 609 735 621 0
13
0 0 624 755 767 782 283 686 832 334 887 678 0
13
0 0 702 655 815 235 455 164 544 63 683 606 0
13
0 0 132 765 32 24 779 848 877 323 264 633 0
13
0 0 146 155 556 817 270 709 397 68 161 256 0
13
0 0 547 49 431 753 234 360 632 791 592 354 0
13
0 0 526 111 286 492 114 482 861 150 247 362 0
13
0 0 149 12 772 206 363 26 98 257 786 141 0
13
0 0 421 883 574 250 376 543 204 97 562 365 0
13
0 0 854 456 571 503 635 576 583 625 707 869 0
13
0 0 80 706 871 681 552 275 336 21 191 600 0
13
0 0 733 370 501 147 539 88 50 424 242 685 0
13
0 0 104 449 331 231 338 136 896 130 100 810 0
13
0 0 361 437 693 139 573 448 615 200 297 698 0
13
0 0 229 777 205 33 144 101 478 480 612 477 0
13
0 0 290 387 749 86 351 173 183 423 614 54 0
13
0 0 327 375 497 898 349 517 730 90 619 741 0
13
0 0 595 714 792 3 414 317 766 386 306 567 0
13
0 0 850 631 795 125 515 272 502 203 464 143 0
13
0 0 19 209 852 494 133 262 72 193 720 688 0
13
0 0 694 818 178 253 359 199 442 540 499 112 0
13
0 0 717 154 851 20 444 128 701 278 417 483 0
13
0 0 865 805 582 476 836 819 165 490 75 814 0
13
0 0 644 303 737 48 886 491 339 56 309 127 0
13
0 0 218 384 435 672 754 670 292 36 9 630 0
13
0 0 607 409 129 555 212 335 277 106 313 745 0
13
0 0 796 346 451 744 468 532 13 868 803 657 0
13
0 0 124 873 846 594 643 498 528 626 93 519 0
13
0 0 224 800 41 180 598 650 201 858 434 388 0
13
0 0 441 493 159 605 27 551 43 304 374 705 0
13
0 0 134 812 432 813 878 585 337 892 565 99 0
13
0 0 577 62 207 382 634 746 637 897 64 806 0
13
0 0 669 839 316 16 725 299 343 310 157 350 0
13
0 0 95 40 665 757 66 783 506 79 259 636 0
13
0 0 142 541 771 266 395 535 254 258 495 524 0
13
0 0 559 563 560 722 891 82 667 145 445 55 0
13
0 0 649 344 789 392 662 844 29 348 378 572 0
13
0 0 523 882 863 174 38 276 845 639 102 83 0
13
0 0 8 308 11 599 461 522 715 152 692 237 0
13
0 0 676 751 248 505 885 835 533 232 821 31 0
13
0 0 7 420 470 566 881 516 120 380 825 252 0
13
0 0 647 511 628 463 47 867 601 553 774 305 0
13
0 0 357 51 319 884 311 773 416 342 703 443 0
13
0 0 407 822 137 690 732 760 530 243 160 267 0
13
0 0 581 756 214 486 345 42 439 269 831 875 0
13
0 0 716 249 862 413 648 536 708 330 107 34 0
13
0 0 17 890 1 241 427 321 71 794 740 736 0
13
0 0 192 314 73 296 554 226 742 728 422 396 0
13
0 0 340 271 168 358 596 401 406 222 215 856 0
13
0 0 233 436 510 30 550 826 469 743 198 590 0
13
0 0 549 620 593 300 288 166 575 223 460 70 0
13
0 0 94 457 4 504 820 843 864 855 879 739 0
13
0 0 724 369 61 661 597 570 411 513 849 446 0
13
0 0 25 645 608 324 610 762 162 656 557 122 0
13
0 0 429 699 673 115 373 225 347 412 834 211 0
13
0 0 213 281 385 372 208 507 748 332 761 798 0
13
0 0 69 138 352 623 467 680 59 425 391 196 0
13
0 0 568 763 827 287 39 781 228 776 788 6 0
13
0 0 537 790 170 89 474 131 723 355 402 840 0
13
0 0 664 876 325 627 260 438 660 651 167 301 0
13
0 0 148 328 227 816 710 587 841 471 679 326 0
13
0 0 727 558 379 440 658 617 485 103 195 398 0
13
0 0 807 302 641 202 329 811 479 284 764 2 0
13
0 0 704 190 857 799 153 255 591 462 452 866 0
13
0 0 804 586 668 251 691 430 640 888 454 584 0
13
0 0 518 15 521 828 320 750 35 318 801 769 0
13
0 0 169 847 618 638 87 564 809 37 538 787 0
13
0 0 400 60 28 758 289 496 833 466 472 696 0
13
0 0 279 654 473 78 579 768 187 700 542 261 0
13
0 0 216 404 46 465 273 91 860 899 189 874 0
13
0 0 546 371 802 295 674 57 534 778 135 747 0
13
0 0 872 238 394 188 646 721 333 527 695 675 0
13
0 0 711 880 684 140 274 512 341 752 580 217 0
13
0 0 589 588 545 415 110 713 265 829 293 23 0
13
0 0 108 759 824 126 123 893 113 823 837 602 0
13
0 0 368 105 500 177 245 246 666 171 775 604 0
13
0 0 184 236 578 92 509 151 109 230 312 244 0
