25
21
0 1 8 4 433 378 487 374 236 271 476 335 204 491 458 419 325 205 393 420 0
21
0 3 5 290 362 248 475 386 270 294 222 398 349 228 61 220 359 202 203 11 0
21
0 207 7 206 200 198 443 196 446 12 258 400 199 299 2 10 244 421 310 494 0
21
0 6 9 301 281 498 191 194 262 137 139 277 368 254 406 257 221 425 201 13 0
22
0 282 269 16 19 15 18 20 14 22 23 226 17 397 255 417 171 473 413 177 343 0
21
0 489 315 77 76 360 173 78 182 253 288 409 174 481 179 25 21 26 24 322 0
21
0 346 305 438 74 180 69 478 75 178 176 175 480 181 67 369 224 500 274 391 0
23
0 82 266 482 34 30 38 241 468 422 29 28 35 27 36 32 33 31 37 298 229 423 0
21
0 303 287 211 88 83 79 464 449 354 351 91 447 268 312 311 355 439 39 260 0
24
0 356 424 162 280 160 165 163 164 41 430 49 297 42 434 44 291 452 461 342 278 317 233 0
23
0 154 157 158 169 166 159 47 161 230 50 40 358 148 45 48 51 43 52 223 46 242 0
23
0 370 249 272 332 336 63 55 56 54 62 465 58 64 57 53 60 467 59 65 324 250 0
21
0 401 435 385 361 68 73 70 376 350 66 267 172 471 231 170 450 149 145 146 0
21
0 227 225 390 455 427 323 232 71 72 372 448 371 251 348 363 316 263 247 286 0
21
0 197 212 217 469 330 410 412 216 209 213 347 80 84 89 490 366 318 256 246 0
21
0 408 131 436 411 136 141 328 337 85 90 87 214 405 218 208 219 215 462 86 0
21
0 210 81 416 340 382 497 383 484 329 334 283 243 451 168 245 167 380 474 152 0
26
0 279 284 265 341 292 333 426 486 338 100 94 93 104 101 97 102 103 92 96 98 407 95 99 373 0
23
0 377 240 460 454 105 493 485 300 402 117 114 108 116 388 115 107 428 319 453 304 418 0
23
0 289 306 296 320 307 445 495 111 109 106 113 112 110 394 367 238 235 276 285 396 466 0
22
0 143 128 118 129 127 479 463 135 392 429 140 259 138 142 132 134 345 456 339 309 0
23
0 440 190 395 470 344 389 119 126 121 123 122 237 125 120 295 124 381 483 302 384 459 0
22
0 185 189 432 192 193 275 313 477 431 188 375 187 183 404 186 403 184 195 130 133 0
21
0 314 327 234 144 387 472 252 442 488 441 156 155 153 147 150 151 261 379 496 0
23
0 444 321 415 499 273 457 326 353 492 308 331 264 352 357 437 399 414 239 293 365 364 0
