90
16
0 617 899 14 634 73 288 372 497 1 510 289 415 893 594 0
12
0 2 79 761 430 810 481 691 806 99 443 0
12
0 437 262 880 641 774 3 82 564 718 502 0
11
0 4 642 701 584 305 371 585 815 608 0
11
0 232 343 457 64 474 21 749 399 626 0
14
0 6 377 741 747 694 595 261 218 275 786 303 238 0
11
0 410 277 258 226 462 820 7 10 587 0
13
0 744 31 636 267 486 801 821 365 451 350 8 0
11
0 354 310 138 9 714 447 321 302 573 0
11
0 367 766 28 48 11 16 827 800 200 0
11
0 804 370 515 720 632 469 416 12 272 0
12
0 27 88 308 22 206 230 13 189 74 808 0
11
0 314 212 85 331 431 285 15 890 511 0
15
0 411 615 489 682 670 17 205 295 888 824 328 730 98 0
13
0 18 860 629 296 665 382 470 235 793 541 753 0
11
0 814 19 630 287 526 575 492 420 215 0
15
0 306 570 20 877 301 51 83 870 674 637 738 59 507 0
15
0 75 198 250 798 23 740 345 696 649 529 764 446 224 0
15
0 891 768 129 709 655 779 491 162 579 24 535 255 684 0
11
0 141 879 135 25 54 175 69 896 828 0
11
0 872 657 279 705 874 26 667 254 196 0
11
0 80 628 759 661 498 650 620 210 299 0
16
0 342 348 452 522 669 234 136 122 603 693 213 712 68 29 0
12
0 658 898 817 697 366 159 30 424 496 863 0
11
0 335 455 117 278 187 673 784 536 32 0
13
0 445 813 871 33 597 663 128 126 785 123 145 0
11
0 157 34 537 794 105 728 256 853 76 0
12
0 825 875 466 35 38 796 689 52 484 600 0
11
0 865 425 214 805 204 842 36 882 173 0
11
0 37 148 812 363 775 432 690 556 566 0
13
0 837 699 133 781 757 771 520 735 39 270 646 0
11
0 49 868 50 356 802 680 40 605 183 0
13
0 91 324 61 464 475 78 42 561 236 449 166 0
12
0 227 848 725 598 94 532 181 746 662 645 0
11
0 201 767 44 404 685 373 782 569 260 0
11
0 161 856 45 599 394 631 320 325 495 0
12
0 107 276 733 46 252 384 318 668 344 574 0
11
0 47 554 583 163 841 191 483 892 228 0
12
0 182 300 333 225 527 208 545 555 706 53 0
11
0 582 65 249 60 400 167 539 216 55 0
12
0 887 169 612 56 309 264 850 334 807 429 0
11
0 383 589 57 448 777 772 651 748 332 0
11
0 393 202 176 751 758 58 614 721 248 0
11
0 477 590 217 622 104 62 111 822 137 0
12
0 588 347 292 147 647 63 240 803 897 402 0
12
0 188 783 886 823 66 883 546 140 873 369 0
12
0 525 473 102 421 672 722 72 273 67 269 0
11
0 736 866 769 413 435 337 659 551 889 0
11
0 780 70 616 233 286 729 844 381 613 0
11
0 185 358 852 178 336 71 130 708 131 0
12
0 220 92 77 524 112 778 688 845 391 251 0
12
0 193 895 87 360 540 638 742 508 836 172 0
14
0 353 192 418 100 654 606 788 468 179 604 84 543 0
12
0 621 547 386 419 593 695 763 440 643 517 0
11
0 577 644 81 114 505 43 444 355 396 0
11
0 401 390 385 361 89 504 375 246 671 0
12
0 116 95 900 723 96 881 528 168 298 90 0
11
0 398 340 190 229 351 313 86 463 93 0
11
0 739 412 97 5 155 571 550 268 142 0
15
0 395 153 174 692 414 762 207 203 266 610 101 754 316 0
11
0 530 752 106 500 586 476 531 596 791 0
14
0 640 376 745 143 727 368 716 108 487 523 257 567 0
11
0 611 538 109 460 734 773 433 635 403 0
14
0 428 280 338 434 409 110 858 609 702 832 149 439 0
11
0 493 514 707 878 184 113 180 795 521 0
11
0 799 156 625 115 317 666 144 242 408 0
12
0 103 839 222 245 548 482 656 861 885 118 0
14
0 715 648 534 653 710 281 711 591 623 119 315 686 0
11
0 681 120 165 294 194 472 503 533 327 0
14
0 731 454 329 436 809 237 121 283 319 349 423 467 0
12
0 838 380 618 847 557 442 831 790 553 124 0
11
0 239 346 562 146 427 263 125 458 627 0
16
0 687 158 652 580 284 867 787 509 127 678 441 819 854 633 0
12
0 760 364 717 849 374 679 422 132 602 490 0
13
0 675 851 312 304 558 271 756 291 518 221 134 0
16
0 559 480 843 465 607 405 265 450 139 388 339 150 177 703 0
11
0 389 770 855 151 743 461 506 700 864 0
12
0 894 833 170 417 407 816 241 485 199 152 0
11
0 698 660 776 719 818 154 704 732 624 0
11
0 197 592 297 859 274 494 846 322 869 0
11
0 211 797 488 789 362 542 160 829 293 0
11
0 357 578 857 231 512 677 171 884 41 0
11
0 186 876 830 499 572 459 750 560 247 0
11
0 456 724 341 479 195 513 330 565 549 0
11
0 737 392 619 639 209 379 544 438 164 0
11
0 664 478 563 219 601 378 453 765 290 0
11
0 243 471 426 253 835 359 792 282 323 0
11
0 676 326 307 552 726 826 834 519 244 0
11
0 311 397 406 576 387 352 713 862 223 0
11
0 259 568 501 683 755 811 840 516 581 0
