10
23
0 0 56 57 84 111 59 24 173 113 149 54 138 145 63 141 153 51 146 135 35 140 0
23
0 0 13 197 121 186 2 25 131 152 79 147 185 78 162 155 17 102 80 8 19 132 0
23
0 0 143 87 137 170 180 33 172 122 83 14 81 37 77 15 20 106 159 181 88 94 0
23
0 0 12 66 179 27 134 67 169 200 119 6 174 29 31 71 184 40 32 136 53 5 0
23
0 0 128 116 156 164 114 175 60 165 26 107 120 55 16 43 148 199 151 109 150 103 0
23
0 0 157 75 92 101 117 49 154 11 129 176 198 166 41 65 126 108 104 30 44 47 0
23
0 0 124 112 50 96 95 171 161 123 163 168 28 93 167 69 139 158 62 38 10 191 0
23
0 0 192 98 45 177 182 82 133 195 23 183 144 125 18 105 115 99 72 36 89 39 0
23
0 0 61 127 46 9 42 193 90 91 68 189 3 48 86 34 58 110 142 85 73 52 0
23
0 0 70 76 194 196 64 4 118 97 21 178 188 190 74 130 22 100 7 1 187 160 0
