10
23
0 0 200 139 171 165 92 83 99 173 11 109 122 123 1 131 129 135 155 166 33 71 0
23
0 0 8 85 79 88 195 177 170 164 197 42 67 180 141 144 130 146 179 16 175 12 0
23
0 0 9 126 137 134 136 147 140 194 184 182 160 168 138 35 44 56 30 32 176 17 0
23
0 0 70 46 43 51 75 68 108 103 107 190 100 84 89 98 37 47 163 172 186 23 0
23
0 0 90 94 87 95 76 96 162 188 53 28 69 52 66 20 3 112 101 124 102 6 0
23
0 0 10 157 156 169 152 198 21 110 121 54 60 74 57 45 34 128 127 72 38 19 0
23
0 0 7 189 151 158 159 27 48 49 59 58 62 65 61 143 183 174 4 199 106 119 0
23
0 0 24 55 64 39 26 185 167 153 154 91 80 114 118 120 113 13 14 148 125 25 0
23
0 0 18 142 178 31 63 193 73 181 192 93 97 81 86 22 15 5 104 105 115 116 0
23
0 0 191 196 77 82 78 149 150 161 133 117 111 187 40 29 36 50 41 132 145 2 0
