70
11
0 430 3 694 371 1 247 656 245 472 0
13
0 414 14 10 12 2 9 443 5 7 339 482 0
12
0 349 419 601 404 525 151 152 159 583 360 0
15
0 492 4 6 632 469 524 13 235 461 249 242 622 355 0
12
0 8 320 603 544 586 663 638 220 570 485 0
13
0 11 241 15 615 467 629 431 328 18 468 543 0
12
0 614 510 446 16 542 17 326 389 246 420 0
11
0 651 671 140 564 244 379 237 384 243 0
11
0 281 460 280 695 582 19 218 232 225 0
11
0 285 314 593 318 365 438 657 571 449 0
11
0 27 21 464 528 33 233 234 569 387 0
11
0 474 20 224 471 22 458 693 34 666 0
11
0 209 445 498 23 275 549 417 562 388 0
11
0 284 456 221 30 428 32 24 581 35 0
11
0 552 673 273 346 271 274 279 31 28 0
11
0 219 453 135 331 380 589 503 131 466 0
12
0 405 356 635 422 306 169 515 361 529 612 0
11
0 557 645 527 283 229 227 25 270 29 0
12
0 390 573 259 261 46 37 533 382 253 252 0
12
0 267 264 256 268 457 257 394 288 291 38 0
12
0 479 39 48 42 45 664 50 568 545 523 0
14
0 413 297 289 301 299 477 40 44 41 49 631 66 0
11
0 149 43 260 347 73 463 162 555 366 0
13
0 290 53 592 47 322 554 329 321 595 54 548 0
11
0 344 74 81 90 642 442 263 51 665 0
12
0 437 654 580 517 598 547 630 298 421 52 0
12
0 182 188 643 597 185 697 58 55 649 514 0
12
0 418 208 56 341 439 572 539 486 605 699 0
13
0 186 184 189 670 57 67 72 60 70 64 68 0
15
0 203 183 602 191 607 190 181 451 59 69 196 700 426 0
13
0 207 600 201 200 204 647 193 71 61 65 616 0
12
0 62 440 682 608 604 403 385 619 392 611 0
12
0 636 332 381 519 192 483 63 454 213 206 0
12
0 357 265 255 254 84 83 89 85 689 82 0
11
0 579 637 88 491 621 87 79 75 78 0
11
0 576 679 536 154 155 77 395 262 518 0
11
0 363 617 391 80 352 277 76 497 409 0
11
0 231 222 226 147 146 509 650 475 300 0
12
0 170 179 168 178 95 173 98 91 92 175 0
13
0 106 324 687 93 103 107 101 96 100 102 99 0
12
0 108 512 104 94 412 566 499 484 634 591 0
12
0 565 575 311 487 315 563 455 488 97 171 0
13
0 111 120 113 115 109 340 680 675 118 691 585 0
12
0 546 613 684 599 435 110 530 119 123 117 0
14
0 333 596 116 124 692 114 126 551 112 537 121 125 0
13
0 163 342 522 330 383 424 625 376 433 448 122 0
12
0 377 609 425 698 350 129 143 501 137 139 0
13
0 606 133 128 127 141 559 640 504 696 553 659 0
12
0 26 323 639 144 136 130 132 138 465 561 0
12
0 495 397 134 521 142 674 658 633 490 644 0
11
0 398 500 153 145 407 516 378 217 655 0
11
0 648 266 258 502 683 337 353 150 364 0
12
0 161 160 157 148 156 158 375 343 511 86 0
12
0 494 307 316 310 441 450 354 167 459 541 0
14
0 396 336 401 411 681 594 180 166 172 174 105 620 0
12
0 165 176 164 423 534 532 359 334 317 358 0
11
0 535 489 319 478 667 531 177 618 282 0
12
0 660 197 187 205 211 626 526 202 447 590 0
12
0 574 345 399 393 215 646 558 194 652 198 0
14
0 212 429 210 216 661 195 199 214 587 416 338 493 0
11
0 669 272 369 278 304 276 313 309 36 0
11
0 269 223 228 230 351 677 550 678 560 0
12
0 556 505 427 513 688 240 250 577 236 434 0
12
0 373 372 668 367 251 248 386 480 238 628 0
11
0 327 473 370 676 415 348 239 400 578 0
12
0 287 286 325 294 588 295 296 302 293 292 0
12
0 685 567 303 305 312 641 308 508 610 452 0
12
0 432 476 362 410 623 444 506 470 402 335 0
12
0 374 627 538 481 540 406 368 408 520 507 0
12
0 624 662 653 496 462 584 686 672 690 436 0
