35
22
0 666 328 336 378 276 425 420 307 417 339 23 22 643 401 305 556 699 7 258 1 0
23
0 4 19 20 25 10 5 17 21 15 9 349 12 18 11 251 6 8 247 13 2 395 0
23
0 653 553 27 26 3 424 16 460 496 673 24 245 263 256 668 686 661 488 453 588 614 0
22
0 14 243 244 261 255 494 318 657 508 514 361 654 620 392 503 275 427 260 242 309 0
23
0 455 499 443 693 440 679 46 628 42 49 28 44 51 450 474 32 34 31 29 41 36 0
26
0 530 568 45 429 371 618 30 639 607 38 33 47 50 35 48 37 39 54 43 40 449 414 374 366 0
21
0 547 283 510 635 52 53 464 341 431 375 85 177 183 664 316 647 368 655 462 0
21
0 416 135 117 71 685 77 57 56 70 579 75 116 55 127 78 65 492 231 399 0
21
0 129 81 114 63 80 79 58 111 373 73 62 124 134 109 69 273 532 239 226 0
21
0 632 406 130 72 121 64 670 637 113 603 68 61 112 59 66 74 569 154 613 0
22
0 524 289 132 123 119 439 287 60 391 592 67 623 457 144 495 697 565 465 412 546 0
22
0 82 88 87 92 169 364 296 372 423 630 605 282 380 458 621 390 567 467 636 665 0
22
0 319 379 98 108 314 517 102 382 644 325 482 312 365 278 489 343 608 397 477 351 0
24
0 515 601 582 577 671 178 290 187 476 468 551 591 527 413 84 186 107 171 100 493 619 181 0
23
0 585 430 99 185 163 396 168 606 170 104 90 103 166 101 418 174 180 445 505 389 302 0
22
0 548 86 91 93 175 173 94 95 578 97 105 501 106 172 96 83 162 176 182 521 0
21
0 426 164 277 89 184 179 167 355 165 695 291 212 642 195 549 422 538 629 451 0
21
0 677 491 662 227 218 237 225 526 383 583 658 589 126 115 646 454 214 235 479 0
21
0 407 581 266 500 447 297 694 340 533 631 421 393 456 125 561 118 415 133 131 0
21
0 483 357 161 160 280 139 158 147 602 148 692 149 138 137 155 537 76 128 110 0
22
0 678 344 232 216 313 238 120 684 122 324 281 645 566 536 484 298 573 285 354 487 0
21
0 136 151 142 649 617 284 270 584 388 563 542 140 435 152 559 157 145 433 334 0
21
0 146 408 143 359 544 150 156 159 141 660 485 682 534 272 498 394 502 674 525 0
21
0 347 461 638 570 681 274 338 519 376 348 513 641 596 317 320 545 402 410 153 0
21
0 437 463 377 306 633 691 405 616 211 209 210 199 188 192 198 196 540 615 516 0
21
0 586 481 634 206 193 650 651 696 550 652 360 640 203 200 191 322 446 190 201 0
21
0 700 441 480 459 486 622 611 564 370 337 528 204 213 197 387 205 194 301 562 0
21
0 554 202 398 580 504 411 576 342 511 311 268 595 490 529 444 327 438 286 448 0
21
0 470 189 207 208 294 680 363 689 293 335 333 292 552 625 594 323 531 384 597 0
22
0 610 229 215 233 236 228 230 217 356 310 350 346 400 234 224 223 222 220 219 221 0
26
0 506 472 254 626 543 353 248 257 259 442 265 428 264 246 241 252 249 240 253 303 262 250 432 332 0
22
0 571 288 271 612 572 558 507 522 687 304 315 404 326 598 627 267 600 471 590 295 0
23
0 352 473 358 419 330 675 688 663 475 269 386 593 599 403 345 523 385 574 520 452 557 0
24
0 587 575 672 609 648 308 331 555 539 381 497 321 659 409 509 466 300 667 535 329 656 279 0
21
0 478 469 362 698 434 541 299 369 683 367 676 624 512 669 436 560 518 690 604 0
