50
12
0 297 1 14 10 8 413 272 11 6 25 0
11
0 22 86 134 474 231 225 240 479 50 0
12
0 21 41 48 300 30 453 9 393 5 4 0
13
0 23 12 469 7 19 3 263 49 246 15 18 0
11
0 20 24 16 342 137 141 448 456 182 0
13
0 17 37 43 317 29 38 35 26 31 34 28 0
14
0 299 42 39 40 46 36 27 32 45 44 47 33 0
11
0 2 350 432 102 103 111 107 405 387 0
12
0 420 57 58 52 53 74 139 349 323 397 0
12
0 308 51 72 66 67 65 59 56 55 54 0
15
0 303 452 75 69 60 63 70 470 68 73 64 264 444 0
12
0 260 347 142 136 326 146 289 417 480 61 0
12
0 147 124 143 135 131 128 140 132 71 62 0
11
0 208 213 214 76 81 454 365 461 165 0
12
0 352 494 406 204 408 374 206 212 80 77 0
11
0 79 355 97 202 495 409 91 265 346 0
11
0 389 163 414 433 445 499 280 253 82 0
11
0 218 83 319 198 386 158 401 286 486 0
12
0 84 329 316 248 396 252 256 304 399 176 0
11
0 115 119 159 155 171 151 99 85 284 0
12
0 88 87 98 385 306 181 178 382 483 398 0
11
0 275 210 463 475 89 95 90 262 148 0
11
0 390 201 217 207 388 269 205 395 92 0
11
0 336 219 199 93 216 203 196 437 13 0
11
0 426 123 471 153 215 78 200 94 279 0
11
0 209 412 197 96 439 462 424 301 313 0
11
0 354 100 109 117 282 318 157 156 211 0
12
0 309 106 485 277 120 116 104 384 122 418 0
11
0 244 381 105 121 164 166 170 332 367 0
12
0 114 427 110 108 441 477 258 481 447 324 0
12
0 341 353 274 430 416 325 112 118 255 443 0
11
0 101 161 168 169 154 152 404 288 113 0
11
0 362 356 133 126 127 130 145 125 138 0
12
0 160 144 129 285 249 177 172 173 183 188 0
11
0 431 162 149 167 337 340 361 223 491 0
11
0 150 257 351 455 266 451 497 425 267 0
15
0 348 195 180 179 175 379 190 194 184 472 473 465 496 0
13
0 344 193 186 187 174 189 421 191 185 192 276 0
16
0 373 242 234 221 422 222 232 220 331 238 345 233 410 283 0
12
0 237 226 236 228 224 490 459 292 402 375 0
14
0 338 428 440 296 243 227 229 235 429 239 230 241 0
11
0 291 268 394 438 321 358 245 371 468 0
12
0 334 415 372 278 315 435 271 320 247 250 0
14
0 363 360 403 270 492 446 380 392 251 487 482 364 0
12
0 366 314 464 298 312 335 442 254 302 357 0
12
0 259 281 310 434 287 500 457 378 370 311 0
11
0 411 376 261 377 369 322 359 450 466 0
12
0 273 330 478 368 391 458 400 498 307 460 0
14
0 328 290 436 327 467 295 493 343 305 488 423 476 0
12
0 449 484 333 383 419 294 293 407 339 489 0
