35
23
0 0 671 389 90 71 58 38 618 556 15 395 382 446 528 117 280 542 381 100 171 172 0
23
0 0 532 222 371 687 443 125 55 57 498 538 551 379 595 368 328 653 349 367 477 527 0
23
0 0 647 457 475 56 391 230 46 289 59 685 581 257 242 52 50 545 629 153 534 419 0
23
0 0 462 580 189 689 361 260 13 44 220 579 138 151 319 343 418 162 364 456 120 273 0
23
0 0 533 67 127 48 607 522 438 27 256 586 486 333 169 359 152 338 570 360 306 664 0
23
0 0 420 72 599 452 161 681 376 405 478 18 264 434 163 372 548 195 377 218 234 366 0
23
0 0 239 238 221 592 540 201 426 512 335 252 265 480 441 363 481 401 455 499 429 679 0
23
0 0 439 403 70 129 16 442 322 191 212 98 88 92 609 458 549 348 566 216 635 547 0
23
0 0 554 3 628 484 492 81 587 567 331 11 254 299 518 87 296 485 663 137 182 164 0
23
0 0 154 697 144 662 693 558 425 9 597 601 413 396 193 210 173 181 308 435 136 340 0
23
0 0 279 605 451 156 660 675 473 637 410 602 118 400 200 668 24 244 384 278 168 84 0
23
0 0 313 231 385 525 563 575 553 259 669 292 365 591 277 561 645 536 399 346 217 633 0
23
0 0 351 312 178 187 83 130 113 149 539 341 409 557 298 232 526 36 411 698 362 428 0
23
0 0 423 659 397 89 323 564 488 673 699 316 589 123 670 569 311 207 124 215 33 448 0
23
0 0 472 240 654 614 370 167 85 555 695 54 356 65 61 126 79 76 692 613 649 504 0
23
0 0 39 45 590 543 369 318 416 236 297 155 358 357 300 101 493 179 521 483 407 288 0
23
0 0 516 21 25 248 275 594 175 93 329 648 387 148 352 214 454 233 678 440 37 271 0
23
0 0 593 502 682 145 64 80 73 684 69 430 582 508 392 506 23 510 450 342 266 398 0
23
0 0 531 606 107 94 185 402 139 157 229 110 447 194 650 651 530 29 31 263 261 686 0
23
0 0 460 249 303 174 165 642 192 198 128 114 119 474 295 643 307 652 302 190 625 624 0
23
0 0 691 184 177 676 14 241 620 170 667 596 75 116 487 444 327 226 237 573 272 696 0
23
0 0 437 158 159 584 616 436 514 656 321 497 683 496 17 276 112 394 345 43 34 627 0
23
0 0 267 464 449 479 546 386 688 641 339 309 611 105 186 183 466 281 646 225 393 283 0
23
0 0 680 108 96 482 469 1 336 404 315 374 223 269 109 694 196 291 82 390 330 674 0
23
0 0 615 565 520 63 632 529 51 572 417 424 541 489 102 644 501 180 619 99 509 268 0
23
0 0 507 304 639 574 141 431 97 301 188 406 77 408 274 636 294 246 666 286 121 68 0
23
0 0 604 577 505 86 197 576 677 32 41 49 7 2 432 10 617 544 317 134 354 383 0
23
0 0 690 494 5 42 324 287 373 131 320 347 380 445 517 208 634 206 150 143 132 524 0
23
0 0 337 104 103 422 115 491 305 22 247 622 166 106 211 203 202 415 74 147 334 672 0
23
0 0 133 603 227 310 47 471 513 665 282 355 515 20 253 243 588 325 468 205 199 470 0
23
0 0 600 30 219 583 140 535 290 314 427 353 258 8 6 19 598 326 453 459 585 655 0
23
0 0 255 503 262 332 251 571 53 610 62 490 511 562 640 433 461 630 552 661 12 700 0
23
0 0 500 638 270 142 537 285 350 414 28 568 578 95 91 204 378 612 135 421 631 550 0
23
0 0 40 228 235 465 122 78 250 293 560 476 375 621 467 519 284 388 559 209 463 26 0
23
0 0 658 412 523 60 111 66 213 608 176 160 146 495 623 344 224 35 4 626 245 657 0
