70
13
0 0 67 422 293 532 460 479 401 51 19 469 0
13
0 0 216 392 116 147 82 623 544 547 683 30 0
13
0 0 279 138 230 513 163 496 5 364 262 389 0
13
0 0 84 192 478 69 534 36 444 589 415 10 0
13
0 0 596 60 31 96 598 639 200 208 319 465 0
13
0 0 14 52 566 199 330 394 29 168 609 615 0
13
0 0 104 649 671 278 268 176 332 569 79 53 0
13
0 0 396 307 196 620 526 184 170 377 379 11 0
13
0 0 597 114 349 522 524 687 331 91 322 386 0
13
0 0 25 352 346 290 276 226 306 580 234 183 0
13
0 0 450 75 291 178 310 269 697 684 375 543 0
13
0 0 608 65 635 506 140 148 315 381 250 105 0
13
0 0 81 126 508 325 286 356 454 101 109 3 0
13
0 0 453 359 418 605 570 338 119 130 669 259 0
13
0 0 9 243 515 545 510 484 24 498 427 695 0
13
0 0 665 445 521 239 652 195 637 344 536 537 0
13
0 0 371 397 442 92 146 481 459 162 507 112 0
13
0 0 143 329 423 64 166 17 567 387 500 7 0
13
0 0 559 85 122 145 115 385 452 592 362 672 0
13
0 0 188 546 294 354 617 565 273 132 220 448 0
13
0 0 42 194 206 149 144 428 431 70 177 8 0
13
0 0 542 20 37 560 585 244 123 308 225 219 0
13
0 0 443 275 314 494 438 602 373 23 6 645 0
13
0 0 633 357 512 292 150 152 90 321 217 102 0
13
0 0 557 648 587 643 686 94 210 274 472 100 0
13
0 0 563 535 475 638 681 466 180 214 108 111 0
13
0 0 631 131 518 161 462 221 218 406 416 640 0
13
0 0 300 493 647 136 142 463 265 55 367 554 0
13
0 0 18 155 154 351 662 233 682 255 16 54 0
13
0 0 691 358 551 68 455 224 383 266 413 48 0
13
0 0 432 296 139 483 249 395 222 553 103 677 0
13
0 0 302 514 22 579 540 607 129 582 382 12 0
13
0 0 517 313 657 692 584 410 35 476 110 374 0
13
0 0 337 304 634 523 688 165 26 516 378 57 0
13
0 0 49 372 664 610 167 630 661 571 627 78 0
13
0 0 447 451 285 402 43 13 380 473 63 164 0
13
0 0 44 253 407 211 441 519 675 421 525 280 0
13
0 0 601 487 347 76 679 125 124 254 228 591 0
13
0 0 555 236 340 586 74 61 355 490 583 1 0
13
0 0 644 71 588 624 252 191 336 670 562 179 0
13
0 0 492 33 343 365 186 440 232 653 436 391 0
13
0 0 690 673 241 207 121 117 83 458 568 485 0
13
0 0 439 549 575 305 425 699 335 245 201 89 0
13
0 0 238 573 312 263 400 160 435 680 651 599 0
13
0 0 2 32 66 301 173 477 660 283 619 674 0
13
0 0 311 151 141 134 246 433 503 157 604 41 0
13
0 0 577 93 113 98 376 667 388 363 361 38 0
13
0 0 430 424 590 326 613 39 663 258 198 204 0
13
0 0 169 420 698 467 606 626 229 333 205 399 0
13
0 0 611 504 317 215 182 446 21 497 398 384 0
13
0 0 62 419 298 240 328 339 86 88 405 480 0
13
0 0 227 320 172 539 434 474 529 628 107 417 0
13
0 0 212 581 556 650 538 72 350 527 256 257 0
13
0 0 4 50 309 193 530 181 231 470 531 502 0
13
0 0 449 73 654 655 295 303 175 501 495 411 0
13
0 0 404 80 135 137 600 658 629 632 642 625 0
13
0 0 248 393 127 574 685 187 552 58 520 412 0
13
0 0 189 190 486 281 46 368 369 488 158 509 0
13
0 0 646 59 576 614 247 528 499 128 656 282 0
13
0 0 40 550 468 622 696 489 505 316 694 15 0
13
0 0 345 594 299 297 237 323 272 408 47 106 0
13
0 0 99 593 156 689 612 360 341 342 95 666 0
13
0 0 267 318 595 511 202 464 564 287 289 171 0
13
0 0 56 414 541 482 548 558 678 277 676 28 0
13
0 0 578 133 197 203 390 97 641 288 426 159 0
13
0 0 491 603 429 185 616 87 77 213 403 366 0
13
0 0 659 437 471 324 242 618 270 284 223 461 0
13
0 0 153 668 334 533 209 271 261 264 251 457 0
13
0 0 34 348 353 327 120 572 45 700 370 456 0
13
0 0 561 636 118 260 409 27 693 621 235 174 0
