50
13
0 0 463 382 54 158 168 197 336 328 353 469 0
13
0 0 442 81 92 217 322 17 26 33 235 114 0
13
0 0 357 85 130 55 471 244 359 272 4 23 0
13
0 0 239 60 349 163 171 35 39 90 313 458 0
13
0 0 20 19 108 381 182 191 449 216 287 43 0
13
0 0 150 296 237 73 409 454 423 467 450 300 0
13
0 0 27 121 370 389 169 486 98 196 44 29 0
13
0 0 38 258 372 315 364 195 484 77 365 243 0
13
0 0 435 314 273 355 214 84 417 225 283 367 0
13
0 0 2 345 230 459 342 143 193 478 494 290 0
13
0 0 457 148 58 480 187 99 96 205 369 30 0
13
0 0 172 131 72 57 358 231 331 253 388 45 0
13
0 0 13 411 427 242 292 332 489 202 286 164 0
13
0 0 374 181 126 132 170 167 384 413 24 1 0
13
0 0 278 250 184 276 203 441 106 434 325 25 0
13
0 0 488 271 481 40 47 472 260 129 398 246 0
13
0 0 360 330 475 89 183 146 71 438 82 41 0
13
0 0 385 498 379 128 308 424 78 311 15 14 0
13
0 0 428 234 375 285 383 177 247 437 156 263 0
13
0 0 320 302 212 66 470 245 149 282 376 10 0
13
0 0 117 491 236 425 224 347 304 362 309 354 0
13
0 0 79 482 179 194 294 65 371 232 109 430 0
13
0 0 103 288 233 301 135 346 262 251 446 274 0
13
0 0 28 226 452 444 68 380 211 269 101 11 0
13
0 0 298 94 252 264 479 102 200 395 218 22 0
13
0 0 37 334 447 204 256 136 76 210 404 123 0
13
0 0 499 64 356 465 87 46 299 352 408 466 0
13
0 0 275 406 219 152 227 62 91 305 436 297 0
13
0 0 18 21 5 453 42 155 307 69 151 337 0
13
0 0 422 433 266 265 185 199 405 162 477 36 0
13
0 0 326 56 338 378 154 279 95 201 343 8 0
13
0 0 373 490 497 137 127 335 215 111 50 393 0
13
0 0 310 277 208 386 240 220 124 396 339 403 0
13
0 0 464 391 186 407 397 53 249 351 377 9 0
13
0 0 7 255 110 166 440 321 147 280 178 324 0
13
0 0 12 198 460 188 456 140 144 474 222 432 0
13
0 0 426 402 139 190 189 392 412 209 119 341 0
13
0 0 443 122 153 429 238 451 414 289 487 295 0
13
0 0 340 394 51 293 174 492 254 306 83 431 0
13
0 0 363 312 344 399 448 61 329 80 157 48 0
13
0 0 206 180 70 228 318 118 112 485 415 476 0
13
0 0 270 473 323 141 52 75 410 445 387 3 0
13
0 0 257 291 316 142 483 207 105 107 418 416 0
13
0 0 327 97 248 134 145 268 229 159 115 34 0
13
0 0 303 74 173 348 88 461 160 493 6 317 0
13
0 0 468 420 63 175 368 401 161 113 261 32 0
13
0 0 267 419 333 86 319 284 165 500 281 350 0
13
0 0 104 93 192 176 455 221 67 133 213 390 0
13
0 0 16 31 259 116 120 462 421 496 59 241 0
13
0 0 49 361 223 439 366 400 138 125 495 100 0
