70
11
0 9 448 645 12 1 456 543 666 568 0
12
0 591 6 106 102 555 111 439 107 103 18 0
12
0 3 5 2 579 110 96 105 374 554 509 0
11
0 4 495 282 402 376 367 510 101 8 0
11
0 7 112 496 525 628 450 565 589 39 0
12
0 10 677 694 251 41 48 592 219 403 371 0
12
0 15 14 553 365 563 588 372 684 542 100 0
11
0 16 49 52 417 624 212 268 668 613 0
12
0 42 217 266 43 415 500 377 378 598 17 0
12
0 379 222 413 45 19 54 57 55 517 578 0
14
0 30 20 27 28 31 21 33 29 35 23 22 25 0
13
0 454 24 633 164 155 160 610 603 36 37 604 0
13
0 457 497 485 476 659 560 507 469 38 26 491 0
12
0 530 498 516 32 664 683 529 557 169 34 0
12
0 56 40 262 248 44 458 674 611 254 392 0
11
0 406 404 225 280 223 669 215 561 386 0
12
0 599 672 50 663 256 259 410 537 250 274 0
12
0 53 465 572 436 264 257 258 383 265 275 0
16
0 644 344 617 459 355 357 350 345 58 75 60 73 68 353 0
12
0 630 343 346 65 74 63 59 71 638 61 0
13
0 76 693 69 70 360 72 361 62 551 64 596 0
13
0 523 688 520 356 349 359 66 358 352 347 354 0
12
0 77 120 83 86 81 93 131 202 607 78 0
11
0 322 323 130 133 119 206 208 91 207 0
12
0 595 313 307 306 79 311 88 205 80 337 0
12
0 320 316 89 317 194 92 200 678 128 82 0
12
0 321 682 191 566 620 201 501 95 84 556 0
11
0 407 228 483 310 314 312 85 87 369 0
11
0 380 443 671 366 490 210 267 618 656 0
14
0 315 94 198 122 196 193 118 115 132 116 121 129 0
12
0 109 484 113 492 601 99 97 473 449 691 0
12
0 549 98 597 461 375 368 480 114 104 108 0
11
0 11 362 584 477 632 545 487 488 593 0
12
0 125 124 117 126 123 127 619 526 581 146 0
12
0 199 142 573 528 150 499 140 137 134 152 0
13
0 145 148 149 138 139 136 147 141 652 135 144 0
12
0 197 203 209 195 204 192 508 151 143 532 0
15
0 676 158 171 170 166 161 154 159 156 513 157 165 162 0
11
0 167 696 163 534 665 292 287 434 303 0
11
0 646 299 420 634 594 445 153 168 649 0
11
0 625 216 211 479 504 631 308 318 697 0
11
0 363 602 304 675 180 627 650 333 325 0
12
0 181 172 232 243 233 239 673 455 686 466 0
12
0 642 183 178 173 616 174 574 515 580 569 0
11
0 176 685 679 690 288 300 286 635 547 0
12
0 651 681 661 177 637 440 438 301 447 600 0
11
0 577 309 636 263 463 277 270 540 680 0
11
0 444 189 185 541 700 273 460 511 90 0
11
0 186 182 179 570 521 471 502 538 482 0
12
0 190 184 506 335 235 236 247 326 238 653 0
11
0 272 283 269 527 489 373 462 660 187 0
12
0 261 472 391 582 281 224 213 381 221 505 0
11
0 51 253 416 401 667 227 249 214 387 0
11
0 46 414 411 405 218 412 399 397 13 0
11
0 640 370 364 255 394 382 226 276 220 0
14
0 486 341 229 586 533 494 626 571 590 519 546 467 0
12
0 330 324 234 230 329 623 699 564 687 464 0
12
0 175 246 241 237 328 240 340 342 331 339 0
13
0 441 244 332 242 231 245 336 670 334 327 338 0
12
0 47 575 278 398 388 583 279 252 319 305 0
11
0 567 409 384 260 442 385 393 271 390 0
11
0 400 395 389 452 396 408 284 285 559 0
12
0 188 297 302 662 294 291 512 622 289 435 0
12
0 290 481 576 522 493 655 531 550 524 544 0
12
0 514 698 451 518 562 558 298 296 293 657 0
12
0 453 641 692 295 658 648 425 67 351 348 0
14
0 419 621 418 428 423 695 424 605 446 587 548 468 0
13
0 426 433 654 422 432 421 430 431 427 552 429 0
13
0 470 615 606 643 647 539 614 585 609 478 639 0
12
0 536 612 608 689 474 437 629 535 503 475 0
