25
21
0 413 414 1 386 235 217 237 218 67 239 219 15 5 382 419 335 462 119 466 0
21
0 453 195 372 248 189 238 231 240 68 69 481 229 73 221 8 74 2 224 16 0
21
0 17 28 19 467 220 223 76 127 225 6 79 3 72 192 491 121 125 415 154 0
21
0 449 322 27 29 25 80 70 230 244 236 234 200 361 197 193 194 412 226 9 0
21
0 12 7 65 77 10 66 388 311 487 306 416 417 433 124 122 292 315 111 123 0
21
0 227 443 241 245 13 364 327 129 11 14 174 20 24 179 126 405 454 138 427 0
21
0 26 21 22 23 30 362 337 323 36 43 48 325 310 423 349 421 368 418 438 0
22
0 32 184 176 180 173 175 383 31 182 178 400 171 177 324 185 420 398 369 489 334 0
23
0 460 41 35 42 40 37 425 38 39 34 45 46 44 33 444 366 316 47 330 351 71 0
25
0 52 109 100 108 110 488 55 401 59 49 51 63 215 209 60 61 54 319 56 211 455 375 448 0
23
0 64 436 428 208 212 62 98 406 203 207 99 97 104 102 50 105 96 107 58 410 397 0
22
0 342 371 475 390 360 309 205 202 201 206 210 53 213 204 57 357 103 358 106 101 0
21
0 477 472 214 435 317 456 186 459 243 78 75 216 222 232 228 187 155 142 242 0
22
0 373 461 338 83 81 85 90 93 95 84 91 88 430 92 82 496 314 329 340 378 0
22
0 347 260 451 188 199 253 150 258 331 470 307 431 499 145 149 402 426 394 86 498 0
26
0 497 348 381 157 166 165 409 168 170 332 156 160 158 163 167 164 343 408 87 94 161 162 169 474 0
21
0 196 437 407 439 252 251 308 250 190 198 341 152 147 452 141 146 339 333 473 0
21
0 116 114 112 478 118 117 115 326 113 403 352 321 494 396 432 356 399 471 493 0
23
0 376 465 277 297 278 365 442 486 261 265 262 268 263 269 275 264 271 270 273 267 272 0
21
0 4 133 140 134 132 445 130 137 139 135 136 131 183 128 18 377 181 440 172 0
21
0 344 469 259 256 255 254 247 246 249 483 257 191 143 151 148 144 153 328 450 0
22
0 350 393 482 476 395 389 379 367 434 387 353 89 159 495 359 457 374 492 463 318 0
24
0 233 320 411 286 304 303 312 392 266 345 346 274 354 283 281 291 391 479 385 490 468 295 0
22
0 355 424 370 302 279 290 429 276 363 441 384 380 485 404 422 336 313 280 287 480 0
22
0 120 301 289 305 446 447 464 500 300 299 293 294 282 285 458 288 298 296 284 484 0
