20
13
71 100 193 86 98 50 1 131 179 48 108 167 188
13
187 155 197 59 116 166 2 199 189 63 132 97 181
15
0 0 0 0 39 115 125 45 124 104 3 33 43 0 0
10
0 0 26 122 4 85 164 107 61 0
10
0 178 169 11 19 5 162 73 0 0
14
34 28 177 154 102 62 20 15 94 76 6 126 37 96
11
18 148 53 146 7 84 185 163 117 95 72
11
101 191 23 81 69 128 89 147 91 16 75
13
186 67 161 120 36 149 49 135 79 140 198 31 8
10
130 176 88 158 12 113 70 180 156 77
14
0 0 0 74 142 13 41 22 17 151 111 0 0 0
15
60 153 165 14 137 56 52 112 160 200 171 93 40 127 168
15
35 0 0 119 21 110 143 121 82 141 172 99 190 118 24
11
136 145 114 192 10 139 25 109 51 58 150
11
42 0 0 0 80 78 68 27 66 157 54
11
0 0 123 87 152 195 173 182 196 0 0
11
194 0 0 0 105 106 47 29 83 144 46
11
175 183 65 159 184 44 129 92 30 138 133
10
0 0 0 0 0 0 0 0 0 0
11
64 38 9 103 170 174 134 55 90 57 32
