10
22
0 172 163 141 2 10 17 8 102 110 121 150 98 77 85 200 52 42 46 35 25 0
22
0 97 89 81 165 28 164 157 68 53 173 104 111 7 12 3 126 167 155 14 109 0
22
0 138 99 180 174 140 127 5 11 4 105 113 67 57 55 65 133 162 36 49 43 0
22
0 100 91 80 159 142 47 39 38 50 45 124 176 152 143 58 103 112 6 15 9 0
22
0 130 136 79 71 73 125 145 153 195 139 44 51 37 134 61 137 13 115 107 177 0
22
0 95 93 90 76 70 148 54 60 64 114 16 1 135 181 48 168 122 33 32 158 0
22
0 151 83 82 94 96 88 156 169 108 117 62 63 170 128 23 19 26 29 34 20 0
22
0 154 161 147 199 131 116 106 175 87 84 74 69 119 194 129 31 27 24 18 21 0
22
0 146 171 178 132 72 78 75 92 101 86 160 123 118 120 144 59 149 66 30 22 0
22
0 183 196 186 185 166 193 189 191 190 184 188 192 197 182 56 187 40 179 41 198 0
