100
11
0 0 0 0 318 382 1 0 0 0 0
15
0 0 0 0 800 806 728 34 691 413 320 617 206 895 967
11
0 0 0 870 568 346 585 821 858 842 613
11
148 333 710 4 932 854 439 343 165 761 41
12
571 424 929 548 538 483 82 125 635 251 5 514
11
0 0 249 886 757 13 6 159 661 92 739
11
166 310 725 873 113 505 650 76 7 261 903
13
72 656 339 69 697 145 836 8 554 513 217 565 994
11
0 0 0 0 0 0 0 0 0 0 0
13
713 396 921 930 531 418 406 491 882 289 10 628 142
11
0 0 0 0 112 11 436 645 416 953 649
12
0 0 0 71 599 492 59 121 211 12 9 0
11
765 760 597 14 951 175 433 894 295 56 789
14
160 857 552 874 15 224 664 385 949 851 477 54 336 639
12
0 0 455 392 226 272 484 16 961 443 736 0
11
0 0 889 984 228 853 885 17 527 510 0
11
0 0 0 0 18 220 959 586 404 358 0
12
714 403 887 134 934 501 19 522 992 813 960 838
15
0 0 0 0 314 892 779 676 781 804 716 808 0 0 0
11
871 730 303 139 223 907 351 946 690 823 740
11
22 309 234 361 135 496 141 913 547 770 589
11
964 337 784 263 988 79 777 722 227 591 197
12
0 0 280 801 278 355 564 658 192 927 848 0
12
0 0 0 904 256 146 25 780 158 26 997 479
11
123 0 0 867 444 868 273 669 39 109 958
12
0 0 0 830 77 792 78 629 28 566 0 0
16
577 766 247 97 957 918 117 943 667 381 534 970 731 29 652 365
11
732 24 0 0 595 389 976 878 67 772 786
11
774 900 686 80 306 162 593 32 693 108 147
14
0 0 0 0 0 64 831 627 277 702 245 33 410 384
12
0 0 0 0 0 0 0 631 352 202 35 0
11
0 0 0 0 0 0 0 0 0 0 0
12
580 372 431 980 185 37 782 326 555 363 188 340
12
225 0 0 20 717 276 464 567 603 623 490 419
11
0 0 0 948 383 733 216 222 288 45 450
11
48 349 743 891 521 637 815 281 995 399 472
12
0 0 890 680 390 607 91 504 42 758 401 692
15
474 271 467 517 260 43 203 447 581 248 735 711 90 869 116
15
0 0 883 417 837 588 573 44 179 432 500 98 95 677 563
11
0 0 0 0 0 0 0 0 0 0 0
16
511 407 128 195 102 912 364 553 493 471 528 570 793 335 119 826
11
818 0 0 543 87 624 124 820 803 132 938
12
0 0 93 302 497 394 367 49 805 0 0 0
12
940 862 177 968 888 817 208 469 935 827 50 476
11
920 647 51 670 610 819 218 47 468 31 106
13
0 173 253 52 908 127 115 654 738 0 0 0 0
11
0 0 0 58 673 420 57 53 452 986 985
15
0 0 38 486 74 998 307 795 532 906 55 545 153 400 841
11
229 744 100 236 427 269 312 606 787 663 204
11
861 61 975 232 679 182 62 972 266 170 621
11
27 925 494 357 242 341 63 437 503 130 811
13
745 83 250 176 700 987 519 274 881 111 213 681 916
11
0 812 582 412 68 884 140 996 977 742 709
12
0 0 0 308 70 199 73 105 193 0 0 0
11
846 425 156 665 662 461 191 712 619 348 689
11
983 350 807 459 632 75 429 587 254 354 181
11
258 999 685 556 849 164 612 966 524 154 865
12
0 0 0 0 0 576 178 796 653 737 879 0
11
864 971 110 783 214 928 630 85 829 292 516
12
374 373 604 171 682 683 86 809 152 237 905 65
15
616 859 285 255 298 395 144 824 671 931 982 924 267 88 489
12
338 724 939 515 923 186 89 360 751 391 529 205
11
0 0 0 0 0 0 756 304 347 411 721
11
955 325 771 507 463 126 315 839 388 96 579
15
622 233 600 99 863 633 356 893 475 221 707 122 454 207 120
16
321 919 23 678 466 131 578 183 262 101 174 536 512 462 184 508
12
169 601 265 926 701 832 103 609 428 344 533 487
14
620 3 180 608 282 594 104 441 405 785 311 212 845 644
14
0 0 0 198 294 769 107 345 150 933 643 506 2 0
14
530 509 481 376 625 172 480 370 535 334 189 114 755 791
12
0 0 0 0 936 518 299 775 611 753 899 0
12
369 190 699 560 118 456 435 215 843 715 542 40
12
750 445 246 219 485 816 328 773 688 687 876 973
11
0 0 0 0 0 0 0 0 0 0 0
11
94 84 596 264 778 423 129 286 133 917 60
11
235 380 852 844 915 137 297 901 546 387 449
11
704 168 457 378 393 850 138 672 187 655 651
11
974 379 810 371 537 293 993 196 332 353 442
11
0 0 0 0 470 746 877 143 674 0 0
11
598 551 822 636 835 155 541 366 283 734 231
13
0 0 0 0 0 0 240 317 209 562 642 561 0
11
962 194 0 0 0 0 741 719 244 759 875
11
301 458 434 316 866 161 634 296 544 151 230
11
342 375 498 305 300 911 749 163 327 802 557
11
201 520 415 720 409 241 776 668 937 243 324
11
313 754 0 605 460 847 575 136 270 451 952
11
0 322 238 880 944 860 426 705 590 797 0
14
279 21 856 525 708 840 794 259 421 574 583 825 615 539
11
768 726 762 648 618 502 284 990 200 727 526
11
902 330 718 922 329 640 540 319 833 941 828
11
910 422 747 945 909 210 914 438 397 898 81
12
723 569 430 872 465 991 559 291 942 549 66 257
12
896 675 729 157 167 641 239 694 453 696 954 752
12
1000 657 482 558 638 764 989 331 956 368 799 386
15
0 0 0 897 666 602 947 495 963 979 550 362 788 377 0
11
0 0 0 0 767 855 446 626 981 978 30
11
0 0 834 398 275 584 572 646 748 614 0
11
965 684 46 660 950 448 695 287 814 290 499
12
36 698 402 703 414 706 763 790 408 523 969 473
11
359 268 659 440 592 478 488 798 323 252 149
