25
23
0 0 6 9 102 258 454 180 350 156 277 421 191 344 384 339 399 414 33 334 361 393 0
23
0 0 5 335 51 297 40 234 149 365 312 254 188 96 332 390 372 286 55 59 65 290 0
23
0 0 87 366 34 146 44 452 472 269 73 145 209 211 112 467 362 470 309 444 447 436 0
23
0 0 23 226 170 28 308 406 218 253 376 369 304 487 136 262 121 100 10 3 200 408 0
23
0 0 128 381 437 120 192 324 445 446 7 205 67 172 144 52 159 154 423 482 484 412 0
23
0 0 491 32 422 233 25 396 263 360 456 479 132 138 213 434 49 464 85 287 301 98 0
23
0 0 494 440 184 193 270 60 306 16 14 278 157 256 392 137 427 378 314 217 80 90 0
23
0 0 15 50 424 215 125 118 131 271 327 385 235 64 222 99 187 143 311 36 241 325 0
23
0 0 53 285 394 201 368 477 357 449 91 382 356 387 342 261 162 47 401 71 305 363 0
23
0 0 354 30 38 268 375 407 373 197 204 374 77 78 62 402 319 247 214 462 148 413 0
23
0 0 316 418 251 26 178 450 280 167 83 84 260 302 194 281 68 471 224 428 228 359 0
23
0 0 183 431 333 63 115 105 489 70 348 371 43 174 425 142 134 457 351 400 8 1 0
23
0 0 288 246 158 441 147 20 485 320 336 465 104 141 195 295 124 459 326 318 208 419 0
23
0 0 411 321 239 29 497 355 345 130 284 101 95 13 242 267 175 72 107 56 299 207 0
23
0 0 165 41 379 388 249 220 370 11 492 415 86 210 74 455 219 429 483 126 389 486 0
23
0 0 367 300 448 500 481 45 166 243 480 182 435 458 420 404 35 499 352 119 338 92 0
23
0 0 236 152 383 340 27 298 432 133 150 223 21 453 275 341 349 61 272 111 460 12 0
23
0 0 4 57 58 94 279 498 122 135 303 330 31 169 430 66 410 216 323 438 116 196 0
23
0 0 395 296 113 106 114 493 322 221 257 81 89 439 468 245 474 478 177 18 76 433 0
23
0 0 229 293 463 185 292 265 386 173 397 22 255 496 461 151 416 79 337 377 240 225 0
23
0 0 48 164 39 364 331 347 181 343 274 117 466 202 490 160 231 69 328 403 189 190 0
23
0 0 19 24 417 42 153 283 266 88 495 54 475 398 97 123 264 259 139 186 310 212 0
23
0 0 315 282 488 46 163 230 203 443 199 206 313 127 140 273 473 179 108 109 307 289 0
23
0 0 2 237 129 37 168 155 442 176 232 17 291 161 329 248 426 103 294 250 110 227 0
23
0 0 244 93 276 238 171 317 252 358 380 451 353 82 469 405 75 409 391 346 476 198 0
