70
10
0 198 679 233 238 386 490 356 575 0
13
0 565 464 241 415 2 16 650 689 266 272 208 0
10
0 493 165 315 144 468 22 29 460 0
10
0 282 360 467 683 617 486 201 194 0
13
0 26 323 639 248 147 156 77 257 580 72 602 0
10
0 310 563 671 134 237 428 699 445 0
11
0 182 214 80 258 37 50 545 320 4 0
17
0 508 536 542 15 615 629 431 628 524 564 380 224 274 278 660 0
12
0 587 579 555 262 148 586 544 603 469 276 0
10
0 210 259 51 43 523 371 531 359 0
16
0 327 319 478 312 641 503 130 139 243 367 348 420 229 346 0
12
0 332 643 70 385 296 299 53 444 402 7 0
14
0 345 512 94 106 96 99 578 123 117 112 373 668 0
9
0 183 57 62 630 301 506 543 0
10
0 185 697 297 294 46 49 482 279 0
9
0 191 59 598 260 395 694 632 0
13
0 406 176 170 591 562 118 504 427 269 271 673 0
11
0 354 358 644 372 240 21 285 281 651 0
11
0 396 167 365 529 537 585 434 222 695 0
15
0 283 228 235 154 153 525 145 497 500 409 491 88 206 0
11
0 39 44 473 588 592 290 325 213 576 0
14
0 270 31 275 30 17 6 146 150 75 87 463 193 0
11
0 186 71 649 302 293 291 511 614 672 0
14
0 526 23 33 569 389 414 355 656 379 581 452 441 0
11
0 494 466 138 245 622 456 398 369 207 0
13
0 621 151 353 419 410 432 476 54 479 616 607 0
12
0 374 411 93 383 119 448 126 125 461 305 0
11
0 184 69 58 55 572 162 152 378 436 0
9
0 368 163 559 384 230 527 366 0
12
0 597 66 341 619 287 288 421 394 347 690 0
15
0 56 514 517 442 89 84 601 335 509 485 584 227 308 0
12
0 199 605 90 252 382 662 5 9 528 535 0
13
0 169 334 314 693 135 577 242 480 663 557 215 0
13
0 539 518 48 362 548 676 595 322 413 611 187 0
13
0 189 65 682 392 40 370 623 343 475 292 263 0
13
0 179 172 620 98 102 424 122 113 115 236 600 0
14
0 558 594 171 324 613 376 546 111 521 455 487 307 0
9
0 41 329 295 286 547 192 519 0
13
0 188 181 68 73 337 160 462 443 686 221 28 0
14
0 306 313 422 501 674 397 114 599 612 164 681 538 0
11
0 381 344 439 642 74 159 339 328 458 0
14
0 317 459 698 666 136 556 13 516 219 231 284 399 0
13
0 418 669 541 249 239 133 340 400 566 95 108 0
12
0 407 570 76 254 261 255 440 64 60 190 0
10
0 652 196 391 457 264 157 430 12 0
9
0 244 11 364 437 426 429 204 0
10
0 27 32 132 131 561 589 667 636 0
10
0 203 352 645 149 246 247 19 549 0
13
0 67 61 608 357 300 52 554 321 631 665 256 0
15
0 567 450 178 634 110 120 116 522 92 687 105 107 101 0
13
0 311 593 350 128 640 680 435 684 618 534 520 0
12
0 127 142 659 124 433 330 103 91 173 540 0
13
0 277 560 583 510 653 502 568 253 79 447 205 0
11
0 161 404 624 38 42 268 454 700 216 0
10
0 416 338 670 289 298 349 470 496 0
12
0 177 168 657 696 449 109 692 484 166 646 0
9
0 474 223 8 1 648 363 211 0
11
0 197 451 654 267 533 446 14 492 36 0
10
0 627 507 515 606 495 140 143 304 0
10
0 336 180 423 97 488 658 633 610 0
13
0 393 390 573 83 85 331 472 688 129 24 303 0
12
0 408 675 121 596 333 625 412 100 104 175 0
16
0 195 661 63 82 86 81 78 155 226 220 351 217 234 655 0
13
0 685 309 34 137 505 250 251 387 218 471 626 0
12
0 212 200 158 678 638 3 18 10 232 552 0
13
0 489 417 35 453 677 550 582 273 498 202 590 0
13
0 647 483 604 403 265 477 47 664 45 375 637 0
12
0 574 532 635 141 553 571 361 342 174 401 0
15
0 316 425 405 377 20 609 465 513 326 225 25 280 209 0
10
0 318 438 691 551 530 499 388 481 0
