100
13
0 672 758 877 269 361 434 974 718 397 701 119 0
12
0 957 809 52 661 705 238 207 425 432 118 0
13
0 311 317 695 199 206 216 236 713 368 370 429 0
9
0 24 801 515 871 81 322 363 0
10
0 54 210 205 333 601 967 727 898 0
10
0 22 40 49 860 215 203 356 760 0
9
0 698 136 863 72 57 736 526 0
13
0 659 498 495 679 412 930 633 588 579 529 691 0
13
0 998 900 437 372 830 751 406 335 327 854 850 0
13
0 110 696 985 982 90 899 80 996 972 868 377 0
10
0 373 41 793 964 200 82 722 667 0
12
0 304 181 195 876 997 936 171 653 229 811 0
12
0 350 683 223 217 390 399 986 398 108 97 0
11
0 268 354 621 227 726 715 847 318 376 0
11
0 23 909 43 624 731 689 242 929 783 0
12
0 94 137 143 292 454 794 721 690 870 979 0
12
0 299 599 506 197 194 417 421 583 542 952 0
12
0 460 919 439 436 329 248 239 38 776 637 0
11
0 180 732 786 274 924 925 514 627 835 0
11
0 21 192 158 846 590 551 169 612 619 0
10
0 316 832 306 768 734 73 337 435 0
11
0 865 912 170 697 222 901 345 6 355 0
11
0 103 492 504 818 766 834 838 993 687 0
11
0 347 571 842 219 469 874 44 797 34 0
12
0 916 888 745 965 983 559 534 173 471 343 0
13
0 767 503 193 185 155 999 540 474 172 650 349 0
10
0 25 314 309 961 694 89 393 438 0
13
0 915 167 168 166 907 584 932 845 448 133 36 0
12
0 303 129 949 494 409 418 422 646 577 419 0
12
0 954 114 402 395 686 603 462 479 774 629 0
9
0 805 302 55 558 552 163 8 0
15
0 340 528 233 88 338 747 212 285 647 516 987 700 319 0
10
0 93 139 138 142 160 415 864 765 0
10
0 777 56 68 198 156 582 488 15 0
14
0 894 852 554 546 544 549 778 478 607 869 1 262 0
13
0 953 937 117 348 802 819 560 466 763 18 254 0
10
0 375 379 752 209 332 651 465 444 0
13
0 703 86 816 324 400 403 913 424 872 958 827 0
10
0 19 290 784 828 152 780 164 917 0
11
0 643 553 591 416 960 738 190 499 69 0
12
0 37 757 662 401 822 922 991 562 892 931 0
12
0 313 378 246 928 214 250 243 630 814 576 0
10
0 761 644 519 602 886 235 244 561 0
14
0 709 165 430 440 360 369 771 245 240 241 947 39 0
11
0 790 604 263 981 635 826 638 575 573 0
13
0 293 728 669 508 455 934 890 547 556 702 447 0
14
0 962 856 975 773 946 648 490 887 221 566 918 109 0
15
0 384 312 315 840 893 754 208 911 87 427 833 655 175 0
10
0 96 92 107 654 756 278 594 676 0
11
0 746 545 593 414 154 895 64 62 639 0
8
0 32 307 524 201 334 472 0
11
0 33 144 189 729 688 682 407 151 969 0
12
0 99 750 674 813 724 625 992 976 605 944 0
10
0 297 295 984 618 611 849 693 453 0
11
0 945 789 58 685 441 149 596 174 855 0
11
0 387 606 668 781 247 325 735 623 742 0
13
0 699 65 497 496 719 796 555 572 2 740 749 0
13
0 706 341 346 663 178 532 565 815 352 123 891 0
18
0 16 124 113 339 116 656 980 224 230 428 902 973 404 394 405 51 0
10
0 255 563 570 617 837 115 380 389 0
10
0 104 130 665 882 177 539 487 353 0
15
0 990 741 365 367 431 226 541 483 836 162 851 140 127 0
14
0 600 739 485 772 580 581 548 161 67 806 995 26 0
13
0 896 866 614 433 942 875 449 452 63 187 664 0
13
0 812 615 880 597 79 85 879 950 968 978 764 0
14
0 344 11 626 491 567 798 848 791 120 956 126 841 0
10
0 677 808 271 277 817 381 95 100 0
14
0 799 265 10 941 807 592 926 410 622 59 451 301 0
14
0 357 362 237 204 640 512 513 523 825 321 320 733 0
12
0 121 351 971 359 620 861 77 330 610 383 0
22
0 50 1000 111 994 725 342 666 234 232 489 853 883 823 598 9 5 13 12 256 259 0
17
0 266 176 530 527 225 231 470 657 396 323 252 328 675 821 631 0
14
0 673 889 358 707 480 476 943 641 680 71 755 298 0
10
0 914 458 678 482 927 258 300 881 0
9
0 91 101 46 903 704 955 613 0
12
0 574 595 748 391 804 336 74 795 963 31 0
10
0 461 569 249 283 281 509 134 29 0
12
0 291 288 196 148 589 578 531 536 959 645 0
12
0 628 426 218 228 550 762 785 186 294 131 0
15
0 30 442 456 820 450 858 940 475 179 568 464 267 260 0
9
0 98 102 135 502 652 535 538 0
11
0 988 53 708 779 211 78 326 873 692 0
12
0 737 184 457 970 714 533 537 459 264 4 0
11
0 122 810 862 213 608 829 47 48 42 0
12
0 787 507 500 501 420 411 844 720 885 61 0
15
0 20 182 443 446 905 191 157 717 484 658 649 788 257 0
14
0 28 70 716 60 183 66 770 904 145 408 413 867 0
14
0 878 17 921 270 7 486 473 831 671 730 125 112 0
14
0 681 744 792 616 153 159 147 939 989 188 445 712 0
11
0 843 132 128 141 684 824 966 587 557 0
10
0 296 27 253 660 463 938 392 857 0
13
0 386 382 977 510 800 884 280 839 910 364 366 0
11
0 775 273 275 272 522 511 517 308 711 0
12
0 467 220 331 84 76 202 83 251 388 374 0
11
0 35 105 710 933 150 769 636 543 948 0
13
0 753 45 525 670 287 282 75 920 468 564 14 0
14
0 261 743 3 803 477 481 782 723 859 897 906 935 0
11
0 586 585 423 146 493 908 505 289 642 0
12
0 759 632 371 276 521 609 518 520 310 385 0
10
0 106 634 305 923 951 284 286 279 0
