50
11
0 297 96 147 199 253 446 237 349 16 0
10
0 460 287 394 197 381 321 65 312 0
10
0 173 316 207 213 172 112 26 139 0
9
0 232 288 57 391 463 385 216 0
8
0 477 56 113 374 247 281 0
11
0 162 76 362 12 482 141 456 301 192 0
15
0 73 397 261 304 469 480 231 75 142 464 491 264 240 0
9
0 34 107 439 175 83 453 19 0
12
0 387 404 271 419 417 23 174 48 462 1 0
11
0 143 121 262 33 124 189 150 104 11 0
12
0 106 170 461 183 329 72 152 87 233 497 0
12
0 63 429 420 31 354 498 474 250 254 388 0
12
0 393 198 485 326 341 161 89 176 366 137 0
13
0 7 307 415 432 90 13 468 435 300 500 227 0
8
0 259 494 325 452 223 324 0
11
0 275 353 3 244 347 269 211 40 332 0
12
0 46 436 335 323 368 5 299 493 351 442 0
8
0 163 405 164 248 314 32 0
8
0 182 77 294 317 359 166 0
10
0 292 79 100 125 448 194 242 191 0
14
0 82 336 273 378 37 208 99 410 168 243 306 105 0
10
0 339 222 195 122 363 249 382 449 0
13
0 256 109 204 47 457 10 357 274 225 92 24 0
13
0 94 114 431 330 186 190 158 70 392 489 313 0
12
0 54 36 234 309 255 236 343 434 289 180 0
7
0 416 131 49 68 71 0
10
0 215 239 177 2 212 84 346 22 0
12
0 214 39 338 481 78 411 97 110 290 154 0
13
0 144 272 373 226 318 60 302 251 400 148 59 0
12
0 473 370 352 293 29 102 85 28 17 53 0
15
0 133 80 278 270 412 471 424 425 235 126 42 69 322 0
17
0 360 200 159 396 369 279 277 355 220 202 303 478 196 443 455 0
9
0 128 146 466 245 487 184 50 0
18
0 345 136 95 108 258 402 447 348 229 265 260 282 93 188 15 4 0
10
0 296 331 376 337 111 201 129 209 0
13
0 67 291 119 55 181 413 286 221 315 365 423 0
13
0 440 438 295 64 205 91 118 458 401 8 389 0
18
0 81 88 490 30 496 361 98 311 407 308 476 280 167 156 358 285 0
18
0 74 414 406 380 268 356 403 45 327 465 115 367 334 58 328 185 0
14
0 284 21 340 421 409 66 399 427 267 467 445 454 0
9
0 422 178 390 488 283 14 153 0
12
0 475 441 383 116 120 238 171 43 344 372 0
10
0 157 433 320 377 495 470 426 179 0
15
0 145 25 44 384 305 437 61 333 6 165 350 193 379 0
13
0 38 310 210 486 375 9 459 319 257 472 155 0
14
0 492 151 484 206 395 160 27 130 149 218 263 134 0
17
0 246 266 430 41 103 364 217 169 230 451 298 483 371 479 86 0
13
0 276 123 52 418 35 127 140 224 241 342 428 0
11
0 219 444 252 499 101 117 408 132 228 0
13
0 18 187 450 386 138 203 51 398 62 20 135 0
