20
15
0 140 143 193 51 49 55 155 156 172 91 187 113 194 0
13
0 199 110 103 36 190 62 177 120 116 23 24 0
14
0 167 126 127 135 128 196 15 25 59 147 2 137 0
14
0 104 115 124 179 154 148 149 7 53 191 77 136 0
13
0 20 16 184 63 118 35 44 22 39 192 160 0
12
0 19 18 170 67 60 175 54 95 74 73 0
12
0 71 72 99 50 1 68 61 169 105 111 0
12
0 76 78 100 97 58 10 12 4 152 146 0
13
0 109 27 171 65 66 69 150 87 101 80 186 0
11
0 17 13 9 56 94 96 93 79 142 0
10
0 164 165 161 181 131 43 14 153 0
10
0 158 168 197 133 130 176 47 200 0
9
0 159 132 129 174 173 183 139 0
11
0 141 198 6 5 3 57 92 98 70 0
11
0 107 38 81 88 123 85 86 89 145 0
10
0 166 162 163 134 125 29 45 112 0
10
0 37 82 119 178 64 102 138 144 0
15
0 189 195 106 41 188 26 33 28 32 121 31 84 90 0
11
0 180 21 151 157 8 11 48 52 75 0
14
0 182 108 40 46 30 34 114 122 117 83 42 185 0
