35
21
0 462 572 326 598 455 499 48 47 374 350 217 344 313 557 287 127 131 118 652 0
20
0 26 23 263 6 586 564 164 413 177 175 468 501 539 509 648 555 348 302 0
21
0 339 553 643 27 639 53 31 50 54 40 221 235 123 56 502 498 534 435 569 0
21
0 666 328 443 440 677 120 289 124 583 219 479 520 592 579 80 113 109 69 576 0
18
0 680 430 341 505 527 552 367 657 427 332 248 4 556 627 471 547 0
23
0 490 130 133 121 373 623 57 352 394 358 150 152 617 188 387 197 211 634 446 528 351 0
19
0 420 9 362 247 241 253 240 303 432 275 494 293 594 325 577 300 580 0
20
0 635 612 507 52 49 43 679 226 645 79 403 675 682 55 110 581 540 189 0
23
0 377 516 561 63 116 77 386 599 272 270 142 143 359 376 500 694 268 192 195 201 191 0
22
0 3 20 256 668 588 698 459 625 312 101 476 445 466 659 636 338 284 681 519 199 0
23
0 5 496 12 434 614 676 622 608 601 278 365 168 551 290 85 165 548 672 274 402 640 0
21
0 366 132 122 155 161 160 485 140 388 433 638 311 196 200 213 585 190 481 478 0
23
0 322 193 205 194 549 179 98 108 162 83 91 181 329 535 334 660 149 649 297 647 524 0
26
0 286 368 438 693 383 134 78 61 70 354 385 452 663 688 674 495 146 692 148 537 317 513 641 342 0
27
0 316 444 491 273 684 646 237 218 227 215 346 224 222 566 484 298 475 525 151 154 76 74 603 117 631 0
25
0 632 129 64 111 136 147 158 559 584 575 451 665 422 630 296 185 171 517 291 210 207 294 515 0
19
0 653 571 336 46 38 33 450 474 414 400 233 536 285 523 59 529 327 0
25
0 504 550 198 407 266 125 72 126 75 114 137 408 138 156 159 473 574 465 546 229 526 456 416 0
22
0 22 251 265 2 257 428 13 8 14 512 597 382 187 671 166 656 321 92 173 167 0
20
0 398 633 204 695 642 596 139 357 419 454 35 45 464 687 404 315 558 271 0
21
0 651 208 203 105 84 186 97 87 431 582 277 292 624 508 442 245 17 460 424 0
19
0 307 276 21 441 323 611 182 90 93 578 619 389 375 605 595 447 463 0
21
0 349 10 299 436 531 343 89 172 107 170 183 397 103 100 615 115 135 393 437 0
25
0 510 288 267 590 628 678 228 236 232 214 239 65 62 112 391 487 119 58 144 670 340 533 421 0
27
0 664 562 86 621 567 609 497 667 95 163 106 176 178 102 489 560 514 369 683 252 243 541 11 16 700 0
20
0 425 7 262 261 689 426 212 347 570 563 542 145 457 589 73 492 231 310 0
21
0 650 314 335 318 361 654 620 392 250 395 264 242 254 626 472 673 506 25 401 0
22
0 417 15 453 488 255 244 249 246 259 543 353 258 260 503 309 669 591 396 493 206 0
20
0 470 202 209 66 67 697 565 658 281 238 225 532 356 449 39 44 37 530 0
23
0 554 370 301 379 82 606 644 104 96 94 180 169 372 282 381 458 587 467 461 306 655 0
24
0 283 600 522 304 568 618 36 429 29 28 42 34 32 234 220 324 60 68 637 128 415 511 0
27
0 696 406 81 71 685 602 613 544 410 545 629 538 390 308 409 380 423 364 88 184 355 319 486 363 469 0
19
0 411 439 345 573 399 662 51 41 607 30 371 295 699 19 24 18 1 0
21
0 448 610 230 223 216 412 269 593 330 141 157 280 153 320 483 360 691 616 405 0
21
0 337 521 99 331 279 174 418 482 477 384 604 690 518 333 480 661 686 305 378 0
