90
10
0 737 698 399 708 131 757 447 443 0
10
0 190 48 111 857 626 463 719 422 0
12
0 879 47 474 247 792 286 268 503 358 786 0
12
0 201 554 575 155 766 438 582 229 383 704 0
10
0 834 204 27 55 661 771 130 267 0
9
0 694 739 772 60 314 294 729 0
11
0 640 805 882 167 400 566 667 165 776 0
10
0 86 367 231 512 569 287 533 853 0
11
0 741 826 425 616 588 647 37 230 735 0
10
0 744 630 200 526 628 550 571 660 0
12
0 336 586 476 531 263 844 457 64 403 99 0
11
0 676 412 249 194 759 171 475 97 479 0
11
0 330 767 5 625 420 282 21 8 780 0
10
0 79 696 151 700 887 563 226 62 0
14
0 856 109 186 830 427 197 191 335 381 596 542 806 0
9
0 251 461 264 38 862 316 691 0
9
0 192 840 312 116 881 386 236 0
11
0 284 169 796 416 557 222 492 76 451 0
11
0 649 770 460 499 515 272 861 754 752 0
10
0 326 257 147 812 775 520 565 430 0
9
0 396 487 304 298 808 449 195 0
11
0 23 389 600 484 469 713 12 101 530 0
7
0 872 468 20 670 561 0
10
0 756 59 682 98 802 166 818 736 0
10
0 112 456 573 632 459 258 397 762 0
8
0 509 441 480 693 414 365 0
10
0 376 368 221 723 189 40 42 31 0
10
0 592 207 656 601 825 612 733 250 0
9
0 271 489 871 182 208 822 732 0
9
0 259 567 606 851 900 445 324 0
14
0 740 599 734 433 841 408 39 260 327 80 44 209 0
12
0 70 529 855 864 875 219 223 548 266 71 0
12
0 244 651 411 142 11 16 285 91 749 717 0
10
0 866 198 678 843 742 136 553 203 0
8
0 787 652 87 338 692 821 0
9
0 261 760 176 464 690 43 543 0
10
0 279 84 675 402 528 556 331 61 0
10
0 811 292 63 621 440 49 646 374 0
15
0 220 896 627 610 401 406 750 572 720 876 611 797 524 0
13
0 481 724 804 635 297 270 431 643 22 299 448 0
11
0 705 523 306 168 90 183 333 78 341 0
13
0 867 580 344 360 378 380 442 885 89 514 845 0
10
0 2 232 3 369 67 790 618 807 0
13
0 794 211 538 239 103 352 387 576 482 587 153 0
14
0 75 450 895 452 712 435 722 672 491 69 354 160 0
16
0 814 224 819 405 339 172 836 837 609 894 407 816 395 578 0
16
0 275 379 404 156 793 184 212 137 85 695 498 650 216 173 0
11
0 185 738 95 328 730 128 329 14 589 0
11
0 238 654 604 870 181 233 785 436 899 0
11
0 377 697 893 225 33 295 725 518 179 0
10
0 143 100 83 662 874 126 634 639 0
14
0 293 178 852 323 614 421 890 827 685 28 65 624 0
13
0 490 362 823 104 715 269 603 638 559 854 644 0
11
0 132 392 313 180 521 860 663 532 877 0
15
0 310 394 426 302 560 410 311 253 835 117 585 781 505 0
10
0 157 161 228 439 118 623 315 779 0
11
0 849 351 366 288 594 597 824 17 94 0
13
0 778 671 174 361 390 702 453 689 334 318 577 0
14
0 305 133 187 784 10 462 290 35 850 309 158 196 0
13
0 177 703 348 29 280 591 199 709 243 488 590 0
14
0 727 516 291 355 13 432 605 868 113 41 629 602 0
12
0 519 681 53 706 121 319 289 525 301 657 0
14
0 761 93 504 129 119 648 72 409 110 122 669 265 0
17
0 495 274 322 753 144 666 115 373 308 539 748 332 568 57 214 0
14
0 105 138 437 768 241 281 273 858 124 508 56 798 0
12
0 107 687 276 607 342 892 337 699 655 537 0
14
0 683 897 148 363 50 555 545 809 898 497 154 595 0
15
0 54 701 613 4 317 493 869 763 620 393 777 307 6 0
12
0 357 340 372 510 658 123 473 134 418 745 0
16
0 391 45 631 346 325 773 320 370 791 114 455 371 227 494 0
15
0 350 679 619 496 73 795 30 813 888 598 637 581 716 0
14
0 783 873 673 32 7 820 277 478 664 574 743 764 0
11
0 364 202 424 18 617 300 102 674 842 0
12
0 108 507 645 889 145 454 731 423 544 120 0
11
0 817 415 237 527 680 205 96 570 353 0
14
0 800 511 751 248 382 296 593 88 240 755 865 217 0
12
0 789 262 255 710 413 68 150 252 34 19 0
11
0 446 668 540 832 385 246 886 846 25 0
16
0 106 82 718 684 641 170 245 765 831 838 466 506 345 769 0
12
0 549 235 470 878 15 206 210 347 726 747 0
13
0 77 175 686 152 653 534 434 428 522 193 633 0
14
0 477 218 513 863 1 159 884 356 74 615 444 558 0
18
0 486 256 828 500 321 146 343 359 278 375 883 66 815 583 799 9 0
13
0 135 829 714 502 24 579 880 711 254 234 465 0
17
0 398 552 36 803 551 547 419 517 707 721 665 541 642 242 636 0
14
0 384 388 81 213 833 774 564 162 535 188 728 92 0
12
0 788 501 51 746 848 26 283 349 467 303 0
13
0 810 546 140 536 417 839 483 847 52 429 127 0
10
0 46 139 215 149 659 485 891 141 0
19
0 801 688 622 471 562 125 163 859 458 584 608 58 758 164 782 677 472 0
