25
19
0 60 55 358 107 96 106 406 309 407 373 340 285 464 117 123 229 241 0
25
0 472 357 110 102 212 205 360 410 393 252 353 461 338 89 343 161 168 170 156 484 468 411 227 0
24
0 196 453 195 186 198 189 341 152 452 256 150 311 298 305 261 264 116 321 7 11 73 1 0
22
0 221 443 65 239 234 491 154 294 446 432 493 351 330 43 176 28 17 183 131 136 0
25
0 428 248 451 260 499 333 465 286 290 458 293 354 494 310 323 460 337 398 334 177 179 139 135 0
24
0 327 217 230 231 238 124 300 280 391 270 399 325 48 35 362 420 180 173 383 20 454 140 0
25
0 214 257 155 199 251 153 339 402 376 122 268 111 421 47 34 40 23 181 172 26 220 15 364 0
22
0 78 76 481 121 396 265 392 301 288 384 320 247 259 249 439 395 448 207 202 208 0
21
0 235 283 281 313 282 363 284 378 404 394 144 242 371 203 50 63 57 64 319 0
21
0 342 143 188 246 476 389 367 318 457 95 85 431 426 306 296 200 74 3 16 0
18
0 61 204 209 401 105 101 109 104 97 390 258 87 93 88 485 291 0
22
0 134 138 405 126 178 175 30 440 42 366 444 44 37 418 356 346 352 233 69 70 0
21
0 413 226 386 388 146 328 450 417 422 279 287 295 433 114 415 466 216 14 414 0
18
0 54 103 59 375 397 374 164 94 332 409 82 479 335 222 75 13 0
24
0 129 133 18 382 438 118 272 263 266 442 349 368 33 36 41 369 489 185 324 171 400 137 0
26
0 2 412 224 192 187 372 254 149 498 91 81 90 166 157 169 474 495 167 159 307 253 347 469 477 0
21
0 344 437 197 250 86 83 381 348 497 463 387 379 475 100 108 58 215 51 53 0
22
0 449 322 132 128 29 21 316 471 273 345 289 278 292 113 326 236 148 228 67 6 0
21
0 317 350 408 163 158 165 92 430 331 255 191 190 361 142 243 77 219 223 225 0
21
0 436 62 49 435 482 434 492 359 162 160 496 490 370 120 462 19 5 80 72 0
21
0 130 182 275 312 447 385 380 487 470 473 145 141 147 151 66 98 52 488 213 0
20
0 427 445 377 27 31 184 32 425 46 45 38 39 423 271 478 237 79 4 0
24
0 127 174 419 125 112 267 262 269 486 500 441 329 314 84 308 459 483 456 193 194 10 71 0
22
0 56 201 210 211 99 455 206 232 416 336 302 429 304 303 365 274 315 355 115 218 0
21
0 12 24 22 25 467 119 403 424 277 297 299 276 480 68 244 240 245 8 9 0
