100
9
0 314 1 48 460 254 489 322 0
11
0 770 655 286 423 420 351 427 537 280 0
11
0 225 853 744 164 585 835 855 204 772 0
10
0 38 60 526 910 695 229 446 685 0
12
0 958 673 663 596 626 981 650 112 147 977 0
9
0 703 857 634 866 399 478 324 0
10
0 623 975 928 637 110 287 665 220 0
9
0 867 757 6 964 436 821 676 0
9
0 805 725 263 151 592 660 516 0
9
0 870 178 699 917 76 598 927 0
8
0 394 702 640 935 201 603 0
11
0 587 697 444 575 593 170 972 148 382 0
13
0 797 85 380 32 81 217 297 847 270 154 527 0
12
0 693 612 513 137 747 235 108 162 902 781 0
9
0 897 377 260 74 628 437 339 0
10
0 877 56 277 398 208 63 359 88 0
13
0 276 865 333 306 461 422 966 429 69 815 689 0
10
0 317 997 190 809 218 814 228 739 0
9
0 206 226 905 559 482 651 404 0
15
0 115 293 223 196 978 606 948 542 638 331 454 22 636 0
10
0 271 43 410 307 906 874 267 582 0
11
0 92 396 726 486 888 618 502 145 938 0
8
0 602 362 329 491 10 924 0
11
0 666 302 581 629 476 50 418 210 395 0
9
0 467 940 245 55 149 858 742 0
14
0 193 450 417 723 456 291 66 45 42 707 236 556 0
13
0 150 500 961 644 652 282 441 207 442 419 818 0
12
0 746 830 161 177 230 341 130 914 298 318 0
9
0 649 495 922 458 289 980 255 0
12
0 352 611 77 921 762 242 659 4 945 144 0
15
0 479 312 369 40 956 764 167 819 708 842 774 686 605 0
10
0 2 728 667 465 390 615 889 412 0
11
0 240 146 943 97 766 680 893 878 848 0
10
0 599 836 971 795 862 518 202 808 0
9
0 432 731 212 122 973 355 73 0
11
0 899 258 627 336 827 469 503 909 824 0
9
0 674 550 474 463 664 431 671 0
11
0 34 563 647 98 733 785 519 600 732 0
12
0 834 349 14 543 783 706 524 820 554 194 0
10
0 617 643 823 215 430 180 475 36 0
13
0 20 936 719 41 296 165 645 619 990 724 931 0
16
0 654 907 264 366 361 849 181 354 720 292 27 915 11 959 0
9
0 166 572 285 483 153 340 788 0
10
0 837 843 237 91 221 353 801 70 0
10
0 967 769 383 620 700 987 99 999 0
12
0 497 753 481 552 798 648 200 533 8 698 0
12
0 729 993 25 677 86 558 896 187 884 24 0
21
0 425 68 304 232 829 901 75 168 23 565 749 944 455 155 496 879 100 192 738 0
15
0 253 946 53 653 641 989 109 776 525 499 94 510 846 0
13
0 49 517 718 545 385 477 530 334 466 567 952 0
9
0 365 845 102 121 269 564 199 0
10
0 573 715 152 504 583 828 892 313 0
9
0 717 939 131 625 771 96 447 0
15
0 294 44 118 549 991 222 374 607 758 694 825 303 127 0
11
0 203 316 488 440 727 919 982 415 490 0
14
0 920 976 135 796 457 338 794 590 844 662 80 891 0
10
0 434 761 548 185 438 397 616 875 0
12
0 231 407 876 195 246 577 272 883 642 691 0
18
0 371 31 595 903 57 916 234 133 547 994 241 868 840 327 880 132 0
10
0 520 319 656 929 406 998 330 310 0
16
0 911 259 426 969 124 941 281 494 521 951 710 249 46 470 0
13
0 562 179 918 569 872 890 954 1000 356 984 721 0
11
0 584 988 859 268 930 28 735 947 35 0
9
0 675 810 736 970 311 128 688 0
12
0 123 684 17 669 574 799 216 957 117 786 0
10
0 963 248 839 851 54 343 540 508 0
13
0 740 288 274 912 47 793 687 974 730 278 308 0
10
0 597 325 424 125 370 535 536 765 0
11
0 741 244 363 428 832 512 326 82 126 0
12
0 751 174 555 189 635 5 113 873 784 743 0
11
0 58 59 863 493 696 594 29 16 895 0
18
0 716 84 996 473 983 300 522 163 610 393 328 72 67 745 9 709 0
11
0 869 580 416 439 172 480 701 462 143 0
14
0 806 413 209 3 534 608 65 657 752 219 211 551 0
12
0 800 95 392 247 405 453 622 633 822 411 0
10
0 464 756 898 578 515 188 400 33 0
11
0 979 90 955 953 251 755 184 759 358 0
14
0 367 831 532 531 15 538 37 923 609 186 183 841 0
15
0 639 886 433 621 472 624 191 449 601 722 704 992 767 0
15
0 631 116 13 295 544 372 87 932 632 950 646 777 960 0
14
0 714 813 790 197 387 854 323 817 142 792 661 160 0
10
0 529 678 782 514 224 301 711 789 0
17
0 93 337 861 451 214 136 71 546 408 227 487 409 860 238 852 0
11
0 985 198 871 104 176 239 120 485 900 0
16
0 105 389 787 734 604 986 138 937 539 421 243 668 62 18 0
17
0 812 748 321 448 459 811 348 252 376 357 968 159 78 175 775 0
16
0 904 780 379 83 283 452 737 21 670 492 290 501 305 347 0
11
0 391 262 265 791 571 388 315 299 384 0
11
0 779 61 360 101 103 926 509 505 566 0
12
0 414 523 79 275 833 284 882 579 64 760 0
14
0 173 30 256 309 171 816 279 672 498 403 934 614 0
15
0 140 887 773 375 386 368 445 257 683 560 588 506 345 0
15
0 402 266 768 713 894 995 925 712 350 803 763 807 591 0
17
0 52 754 750 570 528 471 213 111 681 250 568 381 484 933 576 0
10
0 156 586 89 344 114 864 949 507 0
13
0 692 320 157 107 443 7 364 119 169 106 908 0
13
0 401 435 942 373 39 557 802 705 630 885 962 0
20
0 332 778 129 541 141 913 378 856 468 342 205 134 19 826 51 679 182 613 0
14
0 561 158 26 690 682 850 511 838 12 273 965 804 0
11
0 261 346 881 553 335 233 589 658 139 0
