40
7
0 221 22 152 171 192 0
14
0 183 259 233 157 154 218 93 337 43 205 369 59 0
10
0 312 333 53 63 115 347 132 116 0
13
0 343 272 384 352 160 26 67 209 35 27 206 0
15
0 362 296 234 36 208 77 181 188 51 158 177 251 78 0
13
0 294 200 342 12 133 302 179 125 250 7 19 0
11
0 284 13 182 301 345 370 204 155 187 0
13
0 37 193 130 212 62 174 195 97 172 366 52 0
9
0 392 288 281 213 215 16 357 0
13
0 149 374 189 4 99 151 170 323 238 70 64 0
14
0 9 256 34 380 31 185 95 332 388 252 145 147 0
9
0 45 88 290 111 364 92 308 0
10
0 346 74 239 291 382 104 42 324 0
9
0 328 229 24 194 276 20 365 0
12
0 263 49 397 101 242 75 100 334 278 81 0
9
0 175 350 199 395 118 18 262 0
13
0 6 359 30 306 123 40 336 50 277 94 122 0
16
0 386 360 55 249 196 271 164 117 275 214 255 376 163 85 0
11
0 207 25 71 227 153 293 257 327 102 0
15
0 254 136 243 331 186 355 220 330 114 5 340 298 105 0
13
0 325 128 387 223 339 68 39 305 396 304 166 0
15
0 228 90 354 261 107 399 265 144 124 180 142 287 225 0
13
0 3 2 131 289 202 48 394 137 317 383 165 0
15
0 381 1 283 389 211 241 156 400 224 377 161 47 245 0
8
0 321 267 143 295 176 219 0
13
0 361 138 246 83 210 141 112 126 378 217 303 0
9
0 231 201 106 66 57 349 335 0
11
0 148 129 119 98 8 216 307 375 167 0
12
0 351 316 266 135 168 76 108 33 46 299 0
13
0 315 232 159 23 353 230 326 84 247 91 29 0
11
0 313 356 86 344 197 248 358 282 38 0
11
0 258 268 60 140 368 363 311 198 11 0
11
0 235 338 65 61 21 285 269 79 80 0
11
0 270 341 14 162 121 150 222 314 44 0
13
0 237 110 109 273 319 393 372 10 73 58 279 0
14
0 139 89 226 244 329 203 385 309 72 134 15 191 0
12
0 318 178 391 398 280 32 190 240 373 379 0
14
0 390 96 300 264 320 56 41 371 274 17 82 28 0
13
0 253 173 286 292 348 310 169 367 127 120 69 0
12
0 236 260 103 297 322 184 113 146 54 87 0
