70
9
0 147 28 110 574 374 247 316 0
11
0 629 396 667 518 681 473 319 312 695 0
9
0 478 700 102 340 98 333 360 0
10
0 572 203 600 191 507 278 513 323 0
10
0 17 349 696 47 77 619 561 234 0
9
0 342 578 148 290 646 34 593 0
9
0 236 487 164 651 556 469 429 0
10
0 501 555 540 251 300 575 623 157 0
13
0 530 443 308 523 568 654 289 580 389 620 216 0
10
0 661 324 261 679 461 207 334 579 0
10
0 517 179 691 83 632 675 643 107 0
9
0 335 408 401 605 89 66 239 0
6
0 20 428 304 368 0
12
0 275 451 215 173 594 332 7 361 276 132 0
13
0 331 422 509 585 351 336 604 665 496 536 560 0
12
0 61 573 599 57 470 674 472 445 476 60 0
12
0 433 489 137 616 86 378 529 683 460 490 0
14
0 269 636 246 393 166 53 607 293 213 270 126 626 0
13
0 181 193 141 309 294 116 596 474 439 405 292 0
7
0 281 337 160 52 493 0
6
0 447 391 185 291 0
10
0 519 488 114 525 104 223 128 40 0
10
0 260 145 188 159 362 463 214 43 0
13
0 365 676 385 682 229 542 111 245 118 326 264 0
11
0 79 379 520 38 506 634 196 248 9 0
17
0 663 266 33 162 410 123 467 138 456 27 161 672 29 165 369 0
9
0 494 399 265 652 217 256 557 0
13
0 511 524 204 240 80 198 371 453 257 4 650 0
11
0 222 373 503 480 584 306 106 595 311 0
10
0 48 125 244 75 657 209 423 314 0
11
0 492 95 699 144 481 522 199 690 284 0
15
0 51 103 384 669 627 10 120 485 254 697 100 194 601 0
12
0 662 532 25 645 521 59 180 81 562 41 0
16
0 641 370 167 241 328 398 466 630 376 484 435 416 22 8 0
9
0 341 479 686 205 648 402 386 0
12
0 42 50 499 475 140 687 618 397 388 515 0
9
0 432 178 15 576 548 235 37 0
10
0 97 227 624 465 659 87 590 2 0
11
0 628 598 550 390 569 367 417 442 404 0
15
0 571 647 242 638 174 11 512 358 54 208 263 282 258 0
14
0 407 539 94 684 621 633 19 689 171 218 500 677 0
9
0 430 625 444 558 18 455 153 0
11
0 505 210 96 113 567 477 163 414 3 0
14
0 295 310 400 268 168 411 516 35 688 343 458 21 0
12
0 671 412 305 228 419 588 543 99 563 220 0
17
0 73 212 346 149 357 354 211 70 90 329 62 392 271 440 383 0
9
0 347 200 230 644 39 535 692 0
12
0 237 612 622 438 344 582 155 175 267 131 0
12
0 637 382 363 327 170 133 201 462 135 617 0
12
0 457 93 366 527 259 117 169 381 325 317 0
16
0 655 176 504 65 30 649 69 16 26 339 420 313 273 233 0
12
0 130 364 551 673 459 182 24 190 658 483 0
20
0 680 615 32 115 287 286 497 564 693 380 156 127 670 482 297 74 88 685 0
13
0 545 315 1 321 635 589 285 119 226 350 355 0
12
0 262 146 450 603 76 546 352 537 406 415 0
14
0 301 565 330 436 206 56 452 92 280 177 303 356 0
15
0 395 602 510 554 495 250 277 124 189 307 192 468 143 0
12
0 348 694 63 272 544 372 359 105 12 533 0
12
0 154 187 610 660 322 186 13 375 112 403 0
11
0 608 534 508 243 613 288 434 471 377 0
19
0 566 656 91 587 31 274 49 55 320 283 231 302 224 299 183 441 664 0
11
0 577 6 108 101 255 528 64 609 597 0
14
0 298 36 353 409 225 78 541 249 172 498 552 221 0
9
0 424 614 431 668 58 5 197 0
18
0 394 592 678 202 454 446 23 72 122 152 85 45 158 195 538 526 0
20
0 586 611 437 121 345 591 129 68 219 67 547 151 318 238 491 142 139 338 0
14
0 134 583 640 606 666 71 82 549 559 502 14 46 0
11
0 425 642 464 448 486 232 653 514 698 0
12
0 136 421 418 531 44 279 150 639 631 387 0
15
0 570 84 426 553 296 449 109 427 413 184 581 253 252 0
