20
11
0 3 76 100 11 155 72 66 92 78 0
10
0 122 87 169 64 96 34 53 130 0
11
0 85 19 184 167 146 159 150 176 42 0
11
0 191 147 47 181 24 95 180 70 51 0
11
0 175 29 21 117 182 28 173 178 124 0
12
0 107 162 77 68 65 44 84 193 188 4 0
12
0 123 62 71 134 103 50 7 109 61 35 0
11
0 164 129 163 88 91 198 79 81 23 0
11
0 20 195 152 170 179 168 148 5 194 0
10
0 69 36 140 16 111 114 153 119 0
10
0 33 94 55 197 40 185 59 161 0
15
0 115 166 132 118 143 121 41 13 192 74 135 186 128 0
12
0 6 37 57 9 98 108 56 52 80 43 0
17
0 67 10 145 183 97 82 110 190 2 63 157 30 120 45 125 0
14
0 15 126 174 38 1 48 165 171 112 58 104 73 0
19
0 105 8 144 138 136 133 83 113 12 158 156 116 18 60 127 27 139 0
13
0 89 49 75 151 22 141 172 99 199 106 46 0
10
0 196 102 154 32 86 177 200 54 0
10
0 26 90 131 187 137 14 160 25 0
10
0 39 93 189 17 142 31 149 101 0
