70
12
0 373 189 179 600 606 470 639 66 453 8 0
10
0 96 457 26 664 431 429 576 368 0
9
0 692 635 297 602 559 411 554 0
11
0 369 637 679 464 292 538 512 684 5 0
15
0 414 276 463 318 511 174 329 234 515 615 524 681 101 0
13
0 402 625 223 267 661 432 552 64 346 697 563 0
12
0 644 450 522 657 181 280 669 398 44 55 0
13
0 105 525 480 344 551 74 502 482 534 545 651 0
11
0 1 410 409 282 275 477 622 547 71 0
10
0 597 112 613 473 469 612 445 641 0
11
0 108 352 62 648 434 634 447 213 47 0
14
0 589 695 654 493 286 303 299 541 540 505 255 39 0
13
0 351 360 59 422 665 183 227 274 261 416 599 0
10
0 640 567 490 646 288 594 658 632 0
11
0 45 212 618 178 173 623 564 585 443 0
10
0 287 518 699 182 319 504 666 18 0
14
0 11 48 122 652 137 136 149 146 126 115 307 663 0
13
0 568 517 397 436 313 306 118 526 141 152 191 0
12
0 461 696 159 168 165 587 295 188 228 217 0
13
0 542 487 356 350 609 235 232 243 320 389 43 0
11
0 677 300 296 451 685 186 412 583 383 0
10
0 4 2 476 21 37 73 61 72 0
13
0 99 593 454 163 164 513 154 608 433 190 371 0
12
0 495 627 556 241 247 328 670 643 363 362 0
12
0 36 488 628 514 418 428 668 366 403 46 0
15
0 672 404 388 263 117 132 116 619 144 142 83 273 407 0
11
0 104 553 496 498 459 58 425 69 510 0
11
0 277 204 150 202 95 77 611 694 12 0
10
0 100 485 169 557 617 349 605 588 0
13
0 387 483 569 238 340 580 550 478 364 380 3 0
11
0 9 543 631 79 119 193 138 80 283 0
17
0 439 28 29 25 34 156 170 157 162 503 75 345 536 449 372 0
11
0 40 222 225 187 172 574 239 614 293 0
13
0 271 195 198 678 125 94 321 391 452 258 53 0
12
0 401 211 214 86 208 333 544 531 655 98 0
12
0 456 257 279 322 130 197 331 327 546 565 0
10
0 484 375 686 562 539 82 220 399 0
11
0 492 659 683 610 158 160 60 435 16 0
13
0 367 570 687 626 242 207 93 194 308 265 472 0
14
0 497 22 603 359 67 421 427 548 444 660 462 374 0
13
0 549 601 604 676 629 343 468 408 386 262 379 0
10
0 662 558 467 206 674 582 256 52 0
12
0 530 348 596 446 690 521 210 221 381 51 0
12
0 426 430 423 301 176 656 249 667 382 19 0
9
0 377 270 285 291 289 33 113 0
12
0 527 332 330 533 337 203 312 284 260 458 0
12
0 7 32 30 35 24 633 688 358 357 370 0
13
0 591 31 38 689 520 355 65 638 68 691 598 0
12
0 109 111 23 166 171 649 529 507 114 110 0
11
0 97 103 354 70 693 481 440 506 216 0
13
0 266 417 575 120 87 91 338 229 218 405 500 0
11
0 326 573 127 566 81 205 248 537 415 0
14
0 509 278 215 224 314 311 88 244 231 571 175 219 0
12
0 413 528 581 199 128 131 196 226 250 400 0
17
0 460 90 209 201 192 532 140 499 143 145 129 123 316 572 50 0
11
0 233 508 620 92 133 89 393 259 54 0
10
0 341 494 653 200 315 577 442 56 0
11
0 57 671 420 621 419 535 153 167 491 0
13
0 268 339 151 148 124 323 595 479 395 578 465 0
12
0 17 185 486 590 335 682 305 254 624 251 0
10
0 645 448 560 437 630 353 361 584 0
10
0 475 161 155 27 20 107 102 555 0
13
0 309 317 121 139 135 147 134 501 272 394 14 0
14
0 106 516 474 523 347 63 698 438 180 281 385 42 0
10
0 376 365 336 245 84 310 264 384 0
14
0 592 269 177 466 290 647 298 302 304 642 378 10 0
13
0 489 294 675 673 246 236 230 184 252 392 6 0
11
0 15 390 636 78 85 607 441 586 650 0
17
0 13 253 406 396 561 616 237 240 324 325 342 334 455 519 41 0
9
0 579 76 424 471 680 700 49 0
