200
3
0 489 0
3
0 655 0
3
0 585 0
3
0 695 0
3
0 650 0
3
0 324 0
3
0 287 0
3
0 821 0
3
0 516 0
3
0 76 0
3
0 201 0
3
0 697 0
3
0 217 0
3
0 513 0
3
0 339 0
3
0 88 0
3
0 69 0
3
0 814 0
3
0 651 0
3
0 454 0
3
0 267 0
3
0 145 0
3
0 924 0
3
0 395 0
4
0 779 858 0
4
0 654 707 0
4
0 280 207 0
4
0 952 298 0
4
0 143 255 0
4
0 804 144 0
4
0 958 708 0
4
0 895 615 0
4
0 105 893 0
4
0 490 836 0
4
0 70 122 0
4
0 742 824 0
4
0 717 671 0
4
0 617 600 0
5
0 582 614 554 0
5
0 900 475 904 0
6
0 194 676 605 931 0
6
0 412 292 754 870 0
7
0 865 285 92 46 358 0
4
0 140 221 0
5
0 157 401 99 0
5
0 253 419 8 0
6
0 30 9 884 187 0
5
0 225 442 565 0
5
0 139 658 525 0
6
0 20 759 466 875 0
4
0 198 121 0
5
0 317 332 583 0
6
0 60 131 936 899 0
6
0 732 825 196 561 0
6
0 818 182 982 828 0
6
0 984 794 147 603 0
6
0 741 244 616 314 0
6
0 642 158 948 876 0
7
0 797 999 84 228 840 0
7
0 679 656 304 510 841 0
7
0 996 259 973 801 24 0
7
0 800 993 750 907 356 0
6
0 885 630 859 765 0
5
0 933 787 688 0
7
0 698 204 574 889 721 0
5
0 433 508 775 0
4
0 677 687 0
6
0 258 337 634 536 0
6
0 666 394 161 512 0
5
0 299 726 174 0
5
0 883 369 863 0
7
0 879 522 663 427 537 0
5
0 35 263 462 0
7
0 691 25 312 366 211 0
5
0 44 560 633 0
7
0 789 719 861 621 578 0
7
0 384 302 6 544 184 0
5
0 979 481 183 0
8
0 767 992 772 589 278 127 0
6
0 613 842 960 965 0
8
0 173 192 269 446 813 927 0
9
0 567 959 829 678 214 61 38 0
6
0 576 57 129 487 0
5
0 823 456 485 0
7
0 967 920 58 67 421 0
6
0 674 639 521 321 0
10
0 985 413 729 780 389 606 53 501 0
8
0 756 14 494 478 262 93 0
6
0 611 295 372 101 0
10
0 892 94 460 79 85 68 425 739 0
6
0 150 916 234 934 0
5
0 997 542 773 0
8
0 112 770 591 162 902 781 0
8
0 482 528 222 559 905 117 0
7
0 271 175 921 230 344 0
5
0 98 715 169 0
8
0 164 557 135 673 31 371 0
8
0 769 506 690 83 604 19 0
5
0 675 190 12 0
6
0 294 946 986 233 0
6
0 107 417 682 134 0
8
0 526 297 807 71 148 877 0
9
0 137 523 844 235 928 586 623 0
7
0 432 452 641 764 887 0
6
0 943 957 288 570 0
8
0 34 786 843 237 890 471 0
5
0 871 608 335 0
6
0 837 86 558 119 0
9
0 270 136 440 89 451 857 963 0
10
0 562 595 978 264 423 541 457 838 0
8
0 64 998 906 406 929 755 0
8
0 610 403 653 379 320 206 0
9
0 308 685 556 236 835 181 39 0
9
0 848 901 529 108 80 684 846 0
8
0 350 391 964 396 56 352 0
9
0 310 710 951 472 436 4 360 0
6
0 16 577 311 213 0
8
0 819 120 167 816 588 728 0
6
0 443 29 216 793 0
9
0 276 891 972 783 546 777 254 0
9
0 649 277 50 458 437 503 701 0
7
0 467 940 245 126 540 0
10
0 547 668 290 856 981 778 146 806 0
7
0 138 59 956 171 647 0
9
0 470 160 713 281 618 284 898 0
7
0 203 159 888 854 832 0
11
0 166 499 587 969 748 747 815 154 1 0
10
0 52 709 303 852 599 714 855 551 0
7
0 511 622 989 917 699 0
9
0 95 392 549 991 374 680 553 0
6
0 279 407 291 500 0
8
0 727 186 645 316 474 808 0
10
0 746 830 886 151 242 648 103 660 0
7
0 272 918 430 65 47 0
12
0 402 333 593 624 191 833 988 632 170 349 0
9
0 382 200 751 659 87 41 367 0
8
0 156 422 27 704 322 853 0
10
0 602 581 629 336 827 935 289 535 0
6
0 368 493 247 226 0
9
0 703 404 847 601 227 81 380 0
7
0 109 219 373 118 643 0
11
0 738 411 745 229 913 776 205 238 744 0
6
0 3 652 594 128 0
9
0 945 428 376 357 177 753 566 0
8
0 130 265 761 628 74 788 0
7
0 495 434 400 153 114 0
11
0 689 706 941 520 763 354 598 347 479 0
10
0 810 26 683 152 45 42 386 752 0
11
0 692 908 705 722 966 461 62 18 318 0
11
0 914 609 359 341 323 817 142 116 631 0
10
0 185 480 10 882 968 78 260 377 0
9
0 218 896 239 331 638 40 573 0
9
0 961 731 104 405 700 987 111 0
9
0 209 309 283 737 21 492 539 0
7
0 850 672 375 734 345 0
13
0 774 693 983 132 880 426 300 328 974 730 450 0
7
0 735 463 771 477 251 0
8
0 799 1000 607 66 809 723 0
9
0 869 862 476 418 326 926 210 0
12
0 11 915 23 802 720 327 72 496 100 256 0
6
0 383 7 250 681 0
8
0 179 215 569 465 91 364 0
12
0 51 338 342 468 393 133 286 420 903 293 0
9
0 431 509 538 548 469 552 725 0
10
0 897 760 497 13 399 712 811 448 0
10
0 980 370 930 28 77 43 517 947 0
9
0 711 718 580 873 113 949 343 0
9
0 193 564 822 378 868 305 473 0
10
0 484 381 534 766 441 785 519 102 0
7
0 261 733 346 246 881 0
15
0 353 231 849 409 669 241 944 141 626 596 878 199 115 0
8
0 37 555 971 491 532 627 0
12
0 867 757 296 488 348 149 397 932 592 805 0
14
0 73 355 636 22 155 455 994 749 911 273 860 106 0
8
0 90 340 224 514 189 123 0
12
0 464 527 306 124 533 459 584 387 110 637 0
9
0 937 498 670 361 351 178 2 0
11
0 812 977 232 612 590 319 168 910 686 0
8
0 962 197 275 820 575 48 0
8
0 313 483 791 416 96 329 0
8
0 330 315 388 385 54 635 0
10
0 49 597 661 866 165 619 188 515 0
7
0 625 334 15 795 831 0
7
0 740 282 212 274 195 0
7
0 758 954 845 365 644 0
11
0 524 724 939 909 502 995 894 768 743 0
9
0 268 923 63 208 398 792 518 0
10
0 938 36 665 32 950 919 449 17 0
8
0 447 325 839 851 439 864 0
9
0 248 410 301 545 664 82 530 0
9
0 435 942 257 445 390 504 453 0
11
0 975 662 444 75 803 790 408 220 414 0
11
0 362 784 486 762 798 252 438 363 990 0
7
0 782 172 55 33 202 0
11
0 550 702 640 579 531 874 424 5 125 0
8
0 696 912 176 568 970 736 0
10
0 563 667 97 872 620 180 657 694 0
12
0 834 249 266 543 925 572 646 415 429 716 0
9
0 826 243 163 796 976 223 240 0
9
0 307 571 953 505 507 955 922 0
