25
21
0 351 86 83 469 405 356 223 252 14 181 173 376 76 78 72 385 390 196 3 0
24
0 6 335 337 91 90 79 354 353 499 273 31 32 35 430 488 149 334 283 383 497 382 201 0
23
0 370 349 324 250 467 56 289 320 114 348 16 22 397 473 46 297 450 327 208 408 13 0
27
0 207 12 316 322 67 350 480 178 177 472 496 342 278 242 162 168 153 145 329 340 416 355 447 132 136 0
24
0 301 183 194 193 190 432 477 118 123 483 339 308 364 30 246 245 160 157 152 172 68 206 0
22
0 9 188 375 187 404 186 429 135 384 237 122 357 437 239 492 415 490 163 243 236 0
22
0 133 392 138 80 464 318 165 434 148 471 274 269 319 286 485 402 106 454 359 446 0
21
0 8 98 92 97 104 100 93 265 284 189 185 470 126 414 457 451 166 213 310 0
21
0 228 306 428 117 300 493 453 247 224 19 417 317 413 69 77 401 425 205 400 0
25
0 494 328 271 303 309 444 266 366 89 82 410 147 424 291 452 461 226 17 481 180 71 489 378 0
22
0 4 362 248 341 192 184 121 124 129 331 312 298 28 241 422 29 159 164 211 491 0
22
0 131 140 259 406 287 212 219 209 215 462 380 169 51 49 441 231 391 73 203 11 0
19
0 421 130 120 125 381 268 218 484 474 280 156 150 361 314 325 258 199 0
22
0 458 221 214 330 39 36 365 293 399 352 456 345 479 463 295 128 395 498 281 290 0
19
0 420 257 88 84 217 155 379 144 234 170 66 75 288 435 315 433 443 0
19
0 440 373 407 95 65 58 465 63 238 367 240 448 442 261 478 487 7 0
23
0 10 200 346 377 460 115 307 495 466 112 251 371 26 255 267 360 70 74 323 427 455 0
24
0 419 216 210 412 174 182 146 161 42 387 175 369 372 363 105 108 116 394 235 272 227 198 0
22
0 393 476 85 81 260 38 27 33 37 229 326 321 142 119 344 403 191 143 270 1 0
19
0 197 204 347 449 439 482 34 468 264 459 302 127 141 436 137 262 277 0
22
0 254 368 139 411 311 423 256 230 48 41 20 500 305 418 388 110 107 445 225 5 0
19
0 299 374 171 233 438 109 113 285 53 57 64 60 398 222 279 386 475 0
24
0 282 253 409 154 151 358 50 43 52 44 23 18 24 25 304 263 396 296 249 61 220 244 0
19
0 202 232 15 21 111 276 336 332 55 54 62 59 101 94 486 338 294 0
25
0 2 99 96 103 102 426 333 292 431 275 313 389 195 134 87 167 158 47 45 40 176 179 343 0
