50
18
0 837 40 23 240 238 263 673 241 233 108 181 583 194 191 3 526 0
24
0 562 655 833 290 505 467 935 160 216 610 736 897 542 449 696 823 589 992 882 127 745 822 0
27
0 821 695 591 26 476 29 30 945 615 667 580 430 552 436 890 50 758 273 925 710 678 109 101 752 12 0
19
0 19 902 31 42 220 277 258 61 54 348 387 179 190 16 8 708 616 0
20
0 612 849 320 888 311 304 344 337 631 219 884 359 104 94 132 123 527 871 0
22
0 557 828 854 488 555 900 835 445 207 571 585 675 988 307 319 649 938 868 750 739 0
20
0 602 86 111 76 88 680 691 910 347 253 62 698 664 944 435 729 36 741 0
20
0 611 10 4 654 847 398 397 394 946 953 966 904 808 596 743 735 981 681 0
27
0 703 970 35 429 845 484 644 206 174 168 539 543 433 434 617 914 56 720 247 89 91 105 192 564 186 0
18
0 973 496 501 285 301 297 317 324 947 150 824 722 173 37 608 911 0
27
0 867 14 967 784 943 98 917 278 923 866 763 170 157 156 169 166 215 200 474 425 482 420 412 480 683 0
19
0 790 500 940 786 807 648 817 309 340 590 898 661 438 877 231 187 636 0
22
0 626 291 499 294 508 933 959 964 707 318 313 335 326 635 151 733 628 640 990 731 0
23
0 813 293 507 513 839 603 419 24 232 666 547 441 443 536 578 646 689 243 237 709 809 0
26
0 931 657 929 952 895 575 980 909 154 144 730 136 143 761 165 163 893 770 208 625 473 468 463 563 0
24
0 827 776 464 489 962 217 203 212 486 201 794 859 540 549 634 47 861 801 100 69 719 2 0
21
0 818 287 299 295 284 298 306 341 561 725 138 605 950 142 806 491 418 423 788 0
23
0 804 523 641 764 519 957 521 779 403 395 399 389 971 941 379 378 932 51 360 819 993 0
25
0 920 512 510 573 283 601 316 856 322 620 894 766 963 148 135 140 137 880 789 607 411 846 415 0
21
0 679 908 462 424 972 453 452 176 172 538 772 638 439 224 228 80 196 195 188 0
17
0 968 976 960 795 740 606 483 535 282 65 365 829 71 954 125 0
25
0 876 765 737 414 879 33 34 256 769 49 870 815 600 785 798 928 128 118 122 372 115 860 618 0
24
0 748 459 457 211 199 159 998 800 442 546 969 624 264 797 377 385 126 129 74 781 9 629 0
17
0 780 697 915 663 559 336 333 791 687 754 213 595 437 450 759 0
24
0 511 504 502 642 918 721 305 811 331 323 842 339 327 576 899 913 727 152 582 570 1000 891 0
21
0 27 236 446 63 53 45 572 903 225 672 234 90 99 22 569 82 120 653 21 0
22
0 503 863 455 454 426 487 28 218 545 444 553 448 886 257 280 627 714 887 568 869 0
21
0 588 864 222 230 848 259 762 48 351 352 810 380 393 388 396 912 522 530 942 0
22
0 844 531 516 977 728 965 407 713 390 391 400 858 637 700 353 690 276 268 651 872 0
19
0 853 802 506 865 485 958 948 621 265 951 354 874 112 782 386 1 20 0
20
0 816 609 587 921 296 292 289 338 330 706 146 139 141 153 147 312 560 470 0
25
0 686 427 38 855 671 544 554 778 682 447 659 670 55 760 267 630 814 223 85 18 193 755 639 0
21
0 805 599 410 475 209 652 594 255 249 260 711 106 113 117 116 994 517 528 936 0
24
0 604 92 239 246 281 60 366 346 361 362 622 97 701 103 78 114 830 73 183 130 84 189 0
25
0 738 497 494 302 286 836 328 332 343 329 906 676 986 598 44 32 492 416 409 422 702 726 413 0
21
0 593 613 645 334 325 924 792 787 162 983 440 712 25 43 685 68 178 566 799 0
20
0 901 773 896 889 665 783 342 310 930 693 919 161 210 490 705 451 479 961 0
23
0 584 742 495 949 747 999 775 471 885 832 623 548 431 692 58 955 66 716 574 235 197 0
21
0 632 873 525 520 744 883 121 723 558 694 658 349 355 245 939 87 102 184 185 0
20
0 987 17 7 124 382 647 369 67 751 363 996 356 633 577 227 851 718 905 0
26
0 650 515 529 852 688 401 405 402 934 392 404 406 834 732 384 746 376 370 383 368 373 119 614 279 0
26
0 724 421 461 456 428 812 843 922 793 149 134 145 133 991 167 995 39 937 974 77 75 875 15 579 0
20
0 926 838 171 155 771 164 662 567 158 345 321 684 997 509 300 656 831 699 0
19
0 5 862 79 367 371 840 674 978 364 270 205 204 477 825 417 715 927 0
22
0 643 11 198 83 81 226 244 592 251 46 274 774 551 202 841 41 481 469 458 907 0
20
0 857 586 498 288 303 493 892 308 315 314 717 850 175 619 550 432 796 768 0
23
0 704 532 514 916 669 668 375 979 565 271 64 59 985 52 254 250 269 472 478 753 466 0
22
0 878 465 677 460 826 214 803 537 541 989 749 248 262 275 757 95 131 70 734 180 0
22
0 533 820 984 518 408 581 956 374 381 96 767 982 358 357 252 266 57 272 777 556 0
22
0 975 229 221 261 242 881 756 350 597 110 107 93 72 182 177 6 13 660 534 524 0
