10
19
0 187 159 71 192 46 111 16 4 42 177 68 66 101 155 189 103 72 0
19
0 140 1 165 135 115 7 65 168 55 144 169 90 82 151 150 141 143 0
19
0 73 175 34 114 50 105 84 18 200 49 163 118 48 86 184 106 181 0
21
0 35 124 146 26 174 119 110 77 107 130 57 95 171 196 99 104 97 30 61 0
21
0 36 21 102 41 74 98 59 122 54 133 199 131 170 195 183 121 88 70 44 0
22
0 47 94 197 75 23 145 186 2 137 158 152 180 172 193 156 148 28 15 52 128 0
25
0 188 127 190 153 51 76 3 185 149 116 182 147 33 79 138 139 25 69 63 92 167 132 39 0
24
0 53 166 29 198 136 60 176 85 6 142 22 11 14 154 173 113 161 93 20 5 89 19 0
24
0 191 160 10 31 32 100 120 112 58 129 96 81 125 24 64 45 194 126 108 40 80 178 0
26
0 157 13 87 12 17 109 117 179 162 62 27 91 123 134 67 83 164 43 9 78 37 38 56 8 0
