45
21
0 867 716 532 207 69 771 465 482 567 747 744 881 449 386 376 369 453 89 313 0
25
0 348 522 510 217 106 635 626 461 466 139 155 784 791 37 671 571 590 586 288 298 820 71 74 0
20
0 305 315 90 440 387 16 857 23 20 732 853 899 474 597 99 651 506 241 0
22
0 434 425 240 828 201 263 266 52 67 617 855 100 468 481 160 623 281 180 173 362 0
19
0 813 164 171 295 283 555 673 31 35 664 795 584 583 808 528 359 350 0
27
0 888 253 247 503 243 219 471 323 256 55 188 186 198 725 717 54 707 722 533 539 436 494 238 800 897 0
22
0 302 81 91 167 181 210 477 476 59 271 48 267 64 272 204 711 545 540 420 846 0
20
0 823 388 373 460 292 41 28 819 125 783 796 157 145 591 184 346 366 354 0
20
0 322 306 383 457 18 743 36 774 470 156 228 208 648 660 435 787 419 876 0
26
0 516 513 495 426 839 550 706 714 779 66 58 65 202 541 607 753 814 848 154 634 762 356 347 767 0
22
0 316 304 404 398 824 827 688 687 695 13 739 733 44 677 38 116 756 102 239 236 0
20
0 864 763 861 720 51 195 203 265 754 324 334 883 641 647 431 416 423 772 0
22
0 409 408 82 86 692 699 690 780 19 729 730 22 875 552 27 121 138 562 85 77 0
22
0 841 70 667 577 561 149 150 143 638 852 625 103 101 223 502 509 526 368 360 349 0
23
0 179 163 585 579 576 131 119 134 662 33 10 11 705 703 691 697 700 825 394 393 410 0
22
0 83 447 458 371 379 375 384 806 1 4 735 7 40 128 32 42 296 293 165 803 0
23
0 890 544 718 710 189 191 895 757 340 344 325 798 609 215 856 866 245 249 873 352 854 0
21
0 781 768 598 95 97 115 900 343 276 53 723 652 548 726 709 543 537 418 437 0
22
0 871 174 446 289 445 878 43 672 837 136 124 132 46 29 30 668 554 836 378 166 0
24
0 793 877 708 764 262 206 61 194 880 331 337 341 613 504 640 500 845 244 242 429 231 518 0
22
0 788 802 530 818 727 193 776 50 62 269 190 274 336 339 644 859 487 517 246 508 0
18
0 411 412 391 860 746 14 740 122 130 129 34 676 284 451 170 351 0
21
0 884 406 401 395 389 377 448 456 370 748 25 683 556 479 151 620 213 773 250 0
21
0 809 889 79 441 438 374 287 291 682 680 573 636 110 107 108 606 93 507 515 0
21
0 235 505 498 534 712 205 49 187 270 264 259 335 812 751 491 489 233 364 521 0
23
0 869 78 73 450 294 459 282 39 26 563 565 568 557 566 678 760 142 594 592 588 358 0
20
0 72 84 400 769 439 382 669 663 144 148 112 104 601 226 559 581 525 527 0
24
0 307 805 405 407 397 810 702 694 689 734 766 862 45 887 161 141 152 627 608 770 497 501 0
21
0 524 365 512 833 821 816 628 778 472 332 330 603 596 600 655 654 424 847 785 0
22
0 319 314 413 886 442 390 758 696 838 2 749 135 118 117 761 483 894 645 653 547 0
29
0 849 178 87 297 279 278 670 679 666 681 560 558 120 137 478 463 480 475 467 630 618 569 589 553 595 172 175 0
27
0 896 782 870 822 535 549 542 57 724 844 804 261 268 199 255 196 192 333 835 473 229 492 252 529 511 0
23
0 428 417 649 538 63 56 752 185 260 834 197 342 345 329 656 642 657 427 421 251 874 0
19
0 775 514 496 646 60 659 811 614 98 94 113 637 220 88 311 320 865 0
22
0 301 309 310 399 392 684 698 685 8 737 742 731 738 879 736 831 580 882 898 891 0
22
0 182 280 777 593 158 147 146 469 464 114 211 885 47 713 715 490 499 232 361 759 0
24
0 318 76 842 452 381 385 15 21 6 12 728 3 745 741 789 127 123 133 570 299 162 355 0
20
0 830 531 546 551 719 68 200 258 273 257 254 275 721 801 650 234 430 799 0
19
0 300 396 402 80 575 621 858 230 225 96 111 612 599 792 248 486 519 0
18
0 433 536 843 643 661 615 218 216 622 639 893 587 815 403 750 308 0
20
0 303 321 92 454 455 380 786 675 564 126 829 832 153 209 616 658 237 432 0
25
0 840 183 168 357 169 177 286 277 290 755 572 24 665 872 674 140 632 633 105 222 765 851 363 0
21
0 353 484 493 826 610 602 605 214 604 212 611 221 574 578 582 285 817 176 797 0
26
0 868 367 523 520 224 624 619 159 629 631 462 863 327 326 328 338 892 109 227 488 485 415 422 790 0
19
0 75 443 372 850 444 807 5 17 9 686 704 693 701 794 414 312 317 0
