50
13
0 353 114 378 237 233 451 67 77 78 277 38 0
15
0 462 409 128 131 132 126 347 351 148 153 155 166 27 0
14
0 31 255 240 221 230 470 445 161 123 100 350 43 0
15
0 18 156 165 301 51 55 60 69 361 340 370 310 32 0
10
0 457 157 459 490 358 75 205 413 0
10
0 4 90 142 136 73 454 401 108 0
11
0 89 130 66 63 291 332 107 121 35 0
11
0 1 101 399 293 175 498 435 423 415 0
12
0 12 322 442 478 307 140 167 102 104 118 0
9
0 316 129 420 499 367 427 36 0
15
0 41 50 287 338 428 236 345 241 239 71 455 117 119 0
14
0 300 112 109 169 160 474 127 323 306 319 216 10 0
13
0 203 284 480 333 460 273 492 270 372 488 22 0
10
0 9 177 339 294 124 159 105 432 0
12
0 30 149 279 289 64 264 419 192 250 275 0
12
0 324 481 379 194 185 176 184 249 95 29 0
10
0 317 500 228 245 59 58 163 164 0
10
0 466 305 391 193 421 473 181 469 0
13
0 25 390 204 355 172 397 138 424 152 115 416 0
11
0 45 28 48 122 389 61 444 458 79 0
11
0 39 479 440 296 422 321 257 162 113 0
12
0 40 243 226 232 375 268 292 431 103 37 0
10
0 15 450 271 302 368 137 196 336 0
11
0 297 475 385 179 400 449 247 447 334 0
11
0 246 426 311 227 222 394 147 96 244 0
14
0 23 405 495 139 56 342 365 158 150 318 47 44 0
18
0 26 443 337 242 223 267 491 283 433 266 452 308 86 219 477 309 0
11
0 76 93 265 448 326 154 485 354 453 0
14
0 261 212 98 276 191 190 254 403 360 315 343 13 0
11
0 7 116 497 224 402 438 303 280 110 0
16
0 430 398 486 252 260 304 456 82 80 202 92 269 215 393 0
12
0 352 88 81 74 57 62 429 235 234 49 0
13
0 8 359 436 295 363 364 464 180 189 174 377 0
12
0 17 274 381 99 91 362 256 134 329 211 0
11
0 208 395 85 417 484 187 251 494 411 0
14
0 14 357 330 195 496 356 94 262 463 199 209 388 0
11
0 341 213 83 183 472 320 278 493 6 0
13
0 461 414 468 371 135 141 349 97 218 214 272 0
11
0 111 384 425 231 331 434 281 46 299 0
11
0 206 178 483 382 482 446 467 376 11 0
10
0 171 72 54 225 238 288 418 42 0
11
0 408 182 489 407 383 151 170 120 21 0
11
0 2 374 186 465 348 366 314 327 328 0
12
0 5 369 437 335 344 188 87 197 412 201 0
9
0 19 258 387 248 133 313 439 0
13
0 441 200 396 145 146 52 68 65 70 386 24 0
10
0 20 290 312 298 487 392 380 476 0
14
0 207 217 198 210 84 285 144 143 286 106 34 263 0
13
0 16 406 173 125 53 253 346 168 471 282 325 0
10
0 404 410 220 229 373 259 33 3 0
