90
9
0 480 690 2 509 47 825 883 0
11
0 674 134 876 61 652 352 351 72 548 0
13
0 785 587 858 431 429 621 457 320 201 179 151 0
9
0 235 550 400 394 388 213 299 0
13
0 318 317 211 692 416 397 399 530 733 545 642 0
9
0 300 301 51 266 687 13 580 0
14
0 358 363 273 780 465 487 636 76 626 81 117 119 0
15
0 335 506 220 818 209 215 11 444 150 37 41 418 290 0
10
0 595 677 45 258 270 897 6 710 0
14
0 184 750 326 543 491 611 268 635 137 516 142 782 0
12
0 474 30 28 29 464 527 92 345 544 714 0
14
0 632 685 459 591 601 537 541 495 340 239 688 866 0
11
0 882 891 243 764 663 795 168 555 164 0
10
0 566 500 547 641 88 875 433 831 0
13
0 304 269 256 451 437 732 781 824 695 879 364 0
10
0 776 238 693 862 391 753 762 597 0
12
0 109 105 155 423 274 559 699 788 615 305 0
14
0 356 477 647 281 308 310 331 567 760 522 539 741 0
15
0 694 227 237 223 392 39 12 208 787 205 214 185 851 0
10
0 842 233 225 691 807 672 485 16 0
13
0 520 538 123 135 53 133 67 64 585 832 799 0
14
0 380 386 374 722 353 711 727 463 34 362 877 291 0
12
0 793 823 515 136 804 58 826 719 65 887 0
13
0 472 7 8 15 265 401 395 398 402 577 718 0
11
0 387 166 73 773 557 633 659 865 816 0
11
0 565 554 756 599 813 512 127 514 508 0
11
0 581 232 407 410 886 744 844 536 873 0
12
0 747 896 9 564 262 682 836 556 702 296 0
9
0 620 552 894 263 815 689 735 0
12
0 49 44 35 821 140 713 14 5 329 366 0
12
0 657 728 573 790 447 405 413 403 638 662 0
13
0 810 378 766 84 89 101 460 461 156 110 881 0
11
0 115 169 427 458 341 252 249 569 589 0
11
0 449 441 414 502 393 740 236 229 796 0
13
0 698 188 25 193 717 649 307 314 622 571 38 0
14
0 367 524 174 893 328 338 664 450 582 660 835 560 0
12
0 505 855 204 23 275 334 182 778 371 900 0
9
0 746 593 63 884 885 342 743 0
9
0 298 504 42 493 409 43 697 0
11
0 651 18 499 260 419 222 231 226 769 0
15
0 200 277 33 196 286 194 289 279 721 777 357 369 583 0
14
0 584 160 424 93 791 83 841 671 112 372 666 241 0
12
0 749 572 739 68 742 525 99 454 837 203 0
9
0 224 609 303 325 333 686 874 0
15
0 370 365 152 141 618 207 707 218 221 10 531 481 640 0
12
0 27 730 316 219 206 726 758 888 264 489 0
12
0 466 542 87 154 575 244 52 129 54 57 0
12
0 283 676 440 445 146 153 257 786 586 306 0
12
0 553 368 724 470 482 723 829 484 202 199 0
12
0 139 147 478 187 442 337 171 177 143 295 0
16
0 282 285 486 322 313 312 315 323 180 181 138 149 755 809 0
11
0 833 898 784 644 748 121 131 808 830 0
14
0 604 128 570 55 507 349 853 828 797 455 467 872 0
10
0 768 248 255 890 344 656 75 111 0
13
0 630 40 50 271 36 267 261 216 4 438 473 0
10
0 430 608 598 623 731 130 817 612 0
16
0 899 471 483 606 513 178 175 497 574 280 198 191 24 706 0
13
0 294 820 276 26 20 456 453 100 751 655 549 0
15
0 880 443 212 3 1 614 411 415 389 396 390 720 292 0
10
0 361 287 197 789 425 118 700 716 0
11
0 579 385 376 462 452 189 336 468 856 0
10
0 324 446 653 408 646 745 709 293 0
14
0 761 616 822 590 680 74 668 85 354 738 355 592 0
12
0 725 667 501 864 594 696 558 82 535 80 0
10
0 792 230 546 144 848 562 802 330 0
10
0 272 757 21 278 22 838 532 752 0
14
0 631 148 658 319 309 519 210 476 172 479 605 359 0
13
0 675 767 384 517 859 346 619 102 490 104 116 0
12
0 840 852 847 62 798 66 540 607 770 529 0
13
0 192 426 421 435 794 736 779 343 669 59 613 0
11
0 845 158 165 167 159 161 373 106 854 0
9
0 551 488 805 132 126 98 800 0
15
0 578 765 70 868 705 251 247 120 125 56 860 878 849 0
12
0 772 103 113 708 432 729 420 163 528 639 0
15
0 661 774 108 673 190 284 311 321 511 448 339 332 183 0
9
0 475 469 173 628 234 665 827 0
10
0 812 95 771 783 701 375 679 678 0
14
0 360 523 503 195 31 19 86 162 870 625 494 568 0
10
0 712 806 561 404 417 703 228 302 0
14
0 510 518 124 654 250 563 871 348 892 350 715 69 0
11
0 643 176 17 436 670 498 526 259 297 0
12
0 170 734 434 79 240 122 60 253 759 617 0
12
0 96 97 428 600 610 624 254 648 650 869 0
12
0 576 627 91 422 94 71 895 382 114 839 0
13
0 90 157 819 763 754 861 246 245 242 645 843 0
11
0 863 867 814 683 803 492 834 811 588 0
11
0 596 775 496 801 48 889 737 603 602 0
11
0 637 846 217 684 439 533 46 406 412 0
11
0 534 634 145 186 327 288 32 704 629 0
14
0 381 377 521 383 379 347 857 78 681 77 850 107 0
