10
28
0 183 119 28 24 19 25 44 38 162 135 155 126 184 3 8 12 13 103 104 121 86 100 90 92 93 185 0
22
0 69 125 70 165 142 181 124 176 149 54 52 57 173 115 116 140 177 189 169 198 0
18
0 75 79 101 150 60 197 192 167 9 141 118 172 191 161 156 99 0
22
0 196 21 18 20 26 164 49 39 45 40 157 187 68 63 200 77 74 83 76 151 0
22
0 154 89 108 190 131 127 2 1 17 11 111 114 113 67 153 145 81 78 186 146 0
19
0 123 147 163 199 120 144 10 16 102 6 137 109 105 175 91 193 138 0
23
0 194 170 23 34 30 51 37 179 133 143 58 61 148 64 106 107 174 98 166 95 82 0
22
0 97 96 87 94 84 71 73 62 53 55 65 195 43 47 42 35 33 122 22 130 0
24
0 178 171 158 129 32 27 31 134 41 50 56 59 152 188 14 4 5 15 7 110 180 88 0
20
0 132 85 80 160 112 117 182 66 139 159 48 36 46 168 29 128 136 72 0
