20
13
0 29 41 30 171 186 70 156 127 155 86 5 0
12
0 13 188 21 18 50 16 20 119 105 12 0
11
0 14 47 35 32 168 165 147 22 185 0
12
0 179 157 98 192 103 154 148 83 189 48 0
11
0 93 136 100 115 85 56 64 117 3 0
11
0 1 90 101 152 54 172 74 28 196 0
14
0 129 181 130 138 197 44 133 89 180 76 182 73 0
11
0 96 200 132 176 178 199 173 183 9 0
13
0 87 109 113 23 149 139 43 26 15 160 66 0
12
0 8 141 81 169 126 161 128 78 162 67 0
11
0 40 34 36 150 71 151 108 142 10 0
10
0 6 31 111 33 27 175 187 140 0
11
0 163 53 75 94 61 123 174 102 193 0
12
0 7 45 122 82 80 106 167 198 164 59 0
12
0 177 51 191 79 65 159 63 184 143 4 0
11
0 11 72 25 49 17 19 146 137 144 0
12
0 91 68 125 69 135 145 158 46 42 84 0
14
0 95 39 37 38 195 112 57 24 92 124 52 97 0
13
0 60 121 55 104 194 131 170 62 190 110 88 0
14
0 2 107 77 99 116 58 120 114 166 134 118 153 0
