10
22
0 24 16 200 142 144 132 141 149 159 163 188 184 181 195 196 99 79 90 12 8 0
20
0 18 174 88 85 183 125 148 157 170 48 46 63 64 73 1 23 14 5 0
18
0 134 128 135 182 158 166 31 37 75 65 66 123 108 105 109 15 0
26
0 199 114 121 106 120 111 103 101 55 33 68 51 32 53 72 56 69 197 161 172 156 167 165 131 0
24
0 20 130 180 52 35 27 152 153 192 87 89 77 97 93 100 190 173 191 198 21 11 13 0
22
0 10 22 84 95 94 80 82 91 140 137 39 38 57 58 67 54 179 102 116 122 0
23
0 19 61 28 36 29 185 168 138 126 146 139 127 145 78 96 76 86 83 81 17 25 0
20
0 4 98 92 194 177 154 162 169 155 151 176 187 104 115 118 113 6 3 0
23
0 7 110 175 112 186 189 60 193 70 50 59 49 45 178 26 43 34 47 143 136 9 0
22
0 2 133 147 129 160 171 150 164 42 44 30 40 41 62 74 71 117 124 107 119 0
