50
12
0 481 204 243 56 311 222 134 136 227 226 0
9
0 356 306 484 244 192 336 333 0
16
0 423 133 210 12 291 365 446 308 302 443 466 188 273 404 0
10
0 20 254 189 275 259 452 303 214 0
13
0 206 216 215 378 300 367 44 268 202 190 418 0
12
0 318 496 357 171 127 50 91 459 253 426 0
10
0 10 105 361 46 475 26 401 421 0
11
0 132 362 310 43 271 265 196 441 374 0
19
0 375 482 5 8 102 106 97 112 110 294 350 376 183 414 123 143 148 0
15
0 314 323 320 162 398 76 283 469 420 92 377 83 255 0
10
0 31 338 488 152 157 75 309 257 0
17
0 223 116 124 108 353 181 170 121 179 82 55 53 276 197 403 0
11
0 29 346 322 394 15 3 287 352 130 0
14
0 316 317 494 7 71 73 363 425 440 173 176 472 0
10
0 240 178 119 107 19 69 330 344 0
11
0 327 163 100 449 497 78 256 458 38 0
13
0 149 146 213 220 172 410 457 468 489 49 477 0
12
0 232 4 13 104 307 41 264 86 88 453 0
14
0 313 448 384 161 16 407 380 59 290 6 442 429 0
11
0 239 205 218 60 447 89 90 242 249 0
10
0 224 135 126 174 486 246 198 194 0
13
0 22 32 109 298 304 432 498 381 436 54 262 0
9
0 337 347 405 153 282 473 140 0
14
0 339 341 319 321 460 409 101 58 358 98 400 144 0
14
0 438 349 359 391 299 412 455 471 495 241 33 35 0
12
0 37 342 328 9 1 480 114 360 293 11 0
11
0 334 25 21 166 167 433 63 64 18 0
11
0 245 258 491 296 305 177 150 237 225 0
11
0 427 382 289 70 62 65 463 208 142 0
11
0 450 285 74 483 168 155 315 345 332 0
11
0 454 324 326 17 67 103 186 85 79 0
12
0 348 386 164 159 160 68 61 111 2 209 0
10
0 368 48 500 312 461 129 492 229 0
13
0 272 274 263 52 51 45 456 40 145 235 233 0
11
0 99 383 390 369 156 329 424 36 23 0
12
0 238 392 113 406 278 292 435 128 122 221 0
13
0 230 117 118 284 487 286 185 470 77 95 417 0
9
0 408 474 165 151 24 30 28 0
13
0 228 217 207 180 184 169 445 476 451 81 94 0
17
0 465 219 137 212 499 120 72 373 277 430 351 355 419 14 325 0
11
0 199 39 431 428 464 479 385 493 437 0
10
0 138 115 281 279 154 158 439 343 0
13
0 234 490 96 354 462 66 393 125 93 248 252 0
11
0 87 485 80 372 387 413 434 467 335 0
13
0 370 250 191 42 371 301 295 297 182 141 236 0
9
0 251 84 175 280 288 340 416 0
12
0 379 396 139 478 422 261 267 269 201 247 0
12
0 331 147 397 131 366 364 415 389 388 193 0
9
0 57 444 395 260 200 27 34 0
13
0 231 211 399 411 402 47 270 266 195 203 187 0
