100 20
70 50 10 10 10 100 80 90 50 100 50 70 70 40 40 50 80 70 50 10 80 10 40 10 100 30 10 10 90 100 40 30 40 30 100 10 10 70 20 60 10 80 50 50 30 20 80 90 50 30 20 70 50 30 90 70 100 50 90 90 40 40 40 40 30 50 50 70 80 70 40 10 40 20 100 100 80 50 90 30 40 90 90 40 70 70 60 20 80 60 30 50 20 40 20 100 60 40 50 90 
0 473 579 118 299 541 776 443 994 425 943 267 722 575 915 856 592 1049 784 465 825 451 458 420 628 777 425 124 349 816 521 783 717 867 72 639 607 226 50 546 799 713 999 854 266 798 312 529 448 797 749 582 413 281 723 655 400 487 519 749 208 404 411 747 220 543 158 767 681 687 663 418 952 747 916 706 458 815 571 713 541 665 750 627 595 596 619 614 590 891 547 495 606 1055 926 433 516 701 554 687 851 
473 0 454 369 202 156 563 120 528 370 470 217 509 141 457 385 281 579 327 158 423 370 262 146 240 304 67 361 138 405 442 624 346 417 401 480 331 247 423 173 337 260 543 416 320 447 320 188 186 416 308 111 131 284 451 209 179 30 412 406 298 166 267 274 267 398 333 354 399 471 335 77 509 447 484 276 169 366 242 245 329 362 447 436 122 124 308 142 284 422 103 132 292 595 454 371 49 396 113 273 396 
579 454 0 560 531 330 202 557 692 154 734 507 155 582 600 691 225 758 698 600 417 130 196 570 322 614 491 552 495 822 63 207 317 788 536 63 784 461 549 627 692 460 656 504 320 330 273 284 270 370 710 468 552 614 202 625 591 431 60 294 400 306 214 588 418 56 445 404 853 131 787 394 584 900 531 695 286 745 251 605 131 214 900 80 502 483 221 503 219 730 403 584 746 714 687 147 487 849 556 372 544 
118 369 560 0 183 458 746 327 896 407 836 155 690 462 821 747 529 948 671 348 749 430 407 303 550 670 316 9 238 698 509 767 646 752 60 616 490 132 75 429 687 620 906 767 241 734 288 455 379 726 634 480 298 165 677 541 282 387 499 686 160 331 365 641 150 516 117 687 565 652 546 323 865 631 832 590 385 701 502 603 497 608 634 595 489 493 558 510 528 782 452 379 489 961 822 414 410 584 442 604 758 
299 202 531 183 0 327 688 144 728 399 658 39 631 279 659 567 428 777 488 168 615 413 343 122 420 492 140 176 65 518 496 729 525 569 230 576 333 107 251 247 505 462 745 617 266 622 296 339 285 601 450 312 114 91 594 358 107 226 475 576 196 237 317 465 157 478 201 548 411 591 377 183 711 474 684 407 281 517 394 423 432 513 476 542 316 323 458 337 430 601 299 196 321 797 648 403 236 424 260 465 598 
541 156 330 458 327 0 412 275 467 292 455 327 359 258 381 389 128 527 375 313 292 281 167 300 94 306 217 449 265 493 334 478 198 467 473 343 478 327 494 315 373 184 462 313 318 297 296 46 112 275 382 138 284 417 296 296 331 126 301 254 337 141 199 277 321 277 385 229 540 323 468 144 412 580 375 365 93 421 90 281 199 207 579 295 172 153 154 174 132 429 75 284 433 520 420 289 171 531 234 146 316 
776 563 202 746 688 412 0 679 626 351 707 670 57 666 541 689 283 689 727 720 342 325 347 699 356 627 616 738 640 869 264 90 288 807 729 139 889 635 743 726 714 467 573 444 512 236 465 375 404 296 756 537 682 776 126 688 726 535 258 229 587 451 383 608 599 233 635 364 950 97 876 523 498 986 445 753 412 773 322 642 256 212 985 151 570 547 259 563 279 723 483 694 844 625 652 344 582 939 644 377 501 
443 120 557 327 144 275 679 0 605 453 522 177 624 137 544 429 399 649 346 44 536 459 361 32 359 359 66 321 103 377 537 736 464 424 373 589 233 234 395 106 363 359 630 517 362 566 377 306 287 532 306 204 30 199 569 215 68 150 509 525 312 253 354 334 274 501 331 466 308 586 257 162 606 364 587 263 274 373 361 286 438 481 365 547 196 209 427 217 402 461 219 52 204 678 517 455 124 312 122 387 488 
994 528 692 896 728 467 626 605 0 730 150 745 609 479 92 220 487 66 329 614 286 711 613 637 403 254 588 888 665 458 730 716 375 340 923 664 658 769 945 550 303 284 72 189 785 391 761 495 577 333 392 417 632 802 519 421 672 509 697 409 799 607 656 275 777 661 843 289 669 597 596 577 135 661 184 429 559 347 482 331 591 478 657 619 413 405 479 391 493 220 448 570 609 81 108 725 493 639 486 339 154 
425 370 154 407 399 292 351 453 730 0 741 370 299 509 639 681 245 794 663 497 484 28 125 460 329 598 389 400 374 768 102 361 371 756 382 214 686 317 395 539 664 463 708 551 166 421 120 250 192 443 662 419 442 475 316 568 474 355 94 375 249 205 104 569 270 120 292 449 760 266 701 298 643 813 594 638 213 708 249 570 149 285 813 206 451 436 259 458 240 721 354 490 654 767 702 8 412 761 482 391 576 
943 470 734 836 658 455 707 522 150 741 0 681 680 387 184 94 513 152 200 522 370 726 618 553 417 166 520 828 598 313 761 796 428 192 871 718 532 717 893 448 175 279 218 268 764 474 748 493 566 412 262 364 551 721 589 315 585 459 727 479 762 585 653 196 735 694 801 344 534 660 465 533 262 520 298 305 546 207 496 235 617 528 516 669 348 349 514 329 519 76 413 479 486 227 57 737 427 502 400 362 207 
267 217 507 155 39 327 670 177 745 370 681 0 613 308 673 592 420 796 517 204 618 385 324 157 421 515 161 147 83 553 469 708 523 600 197 554 372 68 218 282 532 473 759 626 231 618 263 334 272 601 482 328 148 107 582 388 146 238 450 571 157 223 293 487 120 455 162 552 450 574 416 184 722 513 692 440 271 548 387 448 414 503 515 522 335 340 449 356 420 627 307 229 359 812 669 374 256 463 287 469 611 
722 509 155 690 631 359 57 624 609 299 680 613 0 616 521 655 231 674 686 666 323 272 290 644 310 589 560 682 583 826 218 123 254 769 674 94 837 578 689 674 676 429 561 423 457 220 411 321 347 276 712 488 626 719 91 641 670 481 208 202 531 394 327 569 542 179 579 335 899 40 826 468 486 937 432 707 355 733 269 599 199 166 936 95 521 499 209 516 227 691 432 641 793 616 627 292 530 889 593 337 476 
575 141 582 462 279 258 666 137 479 509 387 308 616 0 428 294 385 519 210 136 458 508 396 166 315 228 155 455 227 265 576 735 411 292 505 601 230 357 526 76 226 266 512 417 456 510 460 301 321 465 176 131 167 334 545 80 198 155 544 477 424 306 406 205 389 527 452 389 284 580 211 218 497 322 487 138 301 241 347 152 453 456 321 553 103 125 407 118 389 324 184 93 182 556 386 509 97 273 28 321 378 
915 457 600 821 659 381 541 544 92 639 184 673 521 428 0 216 395 158 314 558 199 619 523 576 312 218 520 812 594 458 637 631 283 349 845 573 626 692 866 502 289 202 86 98 698 305 672 407 490 246 373 347 569 737 431 380 612 435 605 320 716 522 566 229 697 568 762 196 647 507 571 499 85 649 114 402 473 343 391 289 498 386 646 527 349 338 387 327 401 232 369 515 575 140 127 633 426 620 429 249 65 
856 385 691 747 567 389 689 429 220 681 94 592 655 294 216 0 466 239 110 428 368 668 556 460 369 84 431 739 509 243 711 775 401 134 784 682 442 631 806 354 84 231 277 275 688 466 676 431 497 404 173 283 459 628 566 221 492 376 677 460 680 511 587 115 651 646 717 326 449 631 378 451 302 442 323 213 477 129 444 144 567 495 438 632 263 267 472 246 472 40 338 386 395 301 112 677 339 419 308 322 211 
592 281 225 529 428 128 283 399 487 245 513 420 231 385 395 466 0 552 475 439 244 224 141 421 97 389 337 520 373 606 248 351 131 564 530 225 606 402 549 443 469 236 463 306 337 206 300 94 150 209 493 259 404 519 171 414 450 252 214 157 385 200 189 364 381 181 435 204 667 195 595 251 399 706 351 482 148 522 38 383 105 84 705 174 292 271 30 289 6 505 201 411 561 523 469 239 299 657 362 152 334 
1049 579 758 948 777 527 689 649 66 794 152 796 674 519 158 239 552 0 349 654 350 775 677 680 466 291 637 940 714 464 795 779 441 342 977 730 681 823 999 586 323 344 121 254 845 454 822 557 638 398 412 468 676 847 584 454 715 562 763 474 856 667 718 315 833 726 900 354 685 662 616 631 193 672 245 453 620 359 546 367 656 544 667 684 461 455 545 440 558 228 503 611 634 93 133 789 541 654 528 403 218 
784 327 698 671 488 375 727 346 329 663 200 517 686 210 314 110 475 349 0 336 433 655 540 374 381 108 360 664 436 151 708 809 440 93 713 699 332 564 735 257 26 260 383 352 644 520 639 420 472 461 63 245 376 540 601 130 403 327 675 505 624 475 563 120 591 648 656 379 340 658 268 401 398 336 410 105 451 47 446 94 569 521 332 648 216 228 488 205 481 127 309 297 286 410 222 661 279 310 230 350 292 
465 158 600 348 168 313 720 44 614 497 522 204 666 136 558 428 439 654 336 0 564 503 405 47 394 363 110 341 139 351 581 778 498 409 397 632 189 266 418 82 356 382 644 538 402 599 419 346 331 563 291 228 61 204 609 208 67 187 553 560 348 297 398 340 309 545 363 494 265 627 217 206 624 323 608 245 317 359 400 288 480 519 324 589 214 231 466 235 442 457 252 44 163 689 522 499 153 270 129 417 505 
825 423 417 749 615 292 342 536 286 484 370 618 323 458 199 368 244 350 433 564 0 460 385 566 199 325 491 740 552 584 462 432 113 498 759 383 684 617 779 532 414 194 241 103 578 106 544 295 377 48 478 336 553 703 234 443 601 394 432 125 617 422 433 317 607 394 667 70 726 313 647 434 168 744 114 492 367 475 257 368 335 206 742 340 357 336 225 339 248 398 321 524 634 298 314 477 412 705 447 151 163 
451 370 130 430 413 281 325 459 711 28 726 385 272 508 619 668 224 775 655 503 460 0 115 467 311 586 394 423 384 764 83 337 348 747 407 188 691 335 420 541 654 447 687 530 190 395 143 237 188 418 656 412 449 492 289 563 483 353 69 349 271 207 105 557 290 93 315 427 764 238 703 300 621 815 571 634 208 700 231 561 125 259 816 178 444 428 236 451 218 708 346 493 657 746 686 20 411 763 480 372 557 
458 262 196 407 343 167 347 361 613 125 618 324 290 396 523 556 141 677 540 405 385 115 0 374 211 473 295 399 301 649 180 386 272 632 400 234 590 289 418 435 540 340 596 440 198 341 160 125 76 350 541 297 356 430 269 449 395 242 150 293 254 110 49 444 258 140 304 340 660 251 597 199 535 709 490 520 95 585 133 446 91 207 709 199 329 313 164 336 138 596 231 390 553 656 580 122 299 658 369 274 459 
420 146 570 303 122 300 699 32 637 460 553 157 644 166 576 460 421 680 374 47 566 467 374 0 386 391 84 297 94 396 547 754 492 450 352 605 230 219 373 126 392 391 662 549 357 593 377 328 302 561 331 236 18 168 592 243 36 176 520 552 301 265 363 365 263 514 316 496 307 605 263 178 638 367 618 287 290 400 383 317 454 504 368 564 228 241 450 249 424 491 247 76 208 710 549 462 156 315 153 416 520 
628 240 322 550 420 94 356 359 403 329 417 421 310 315 312 369 97 466 381 394 199 311 211 386 0 293 305 541 359 517 344 432 106 469 561 318 544 419 582 382 374 139 387 233 391 207 362 100 184 181 403 184 371 510 232 332 419 210 310 167 422 225 254 268 410 278 471 139 599 278 524 238 330 632 289 398 171 428 80 291 200 144 631 267 215 193 106 208 103 408 141 359 496 446 375 324 243 586 296 64 248 
777 304 614 670 492 306 627 359 254 598 166 515 589 228 218 84 389 291 108 363 325 586 473 391 293 0 354 662 432 259 632 711 338 180 705 609 409 551 727 296 90 160 296 246 604 414 592 349 414 354 159 200 388 558 502 166 424 294 597 402 598 427 504 31 569 568 636 272 430 562 353 369 299 435 306 185 393 150 365 77 489 426 432 559 182 184 398 163 395 124 254 320 358 333 158 595 260 403 238 252 187 
425 67 491 316 140 217 616 66 588 389 520 161 560 155 520 431 337 637 360 110 491 394 295 84 305 354 0 308 78 415 471 671 411 446 354 523 297 204 376 155 374 326 606 482 309 512 319 243 221 483 331 173 67 218 508 233 114 96 443 470 270 188 289 326 234 435 297 422 370 521 314 96 575 424 551 292 208 394 299 288 372 420 425 481 176 183 366 197 340 466 170 102 265 658 508 391 96 372 131 340 460 
124 361 552 9 176 449 738 321 888 400 828 147 682 455 812 739 520 940 664 341 740 423 399 297 541 662 308 0 230 692 502 759 637 745 62 608 486 123 79 422 680 611 898 759 235 725 280 446 370 717 627 472 291 162 668 534 276 378 492 677 152 322 357 633 141 508 110 678 561 644 541 315 856 627 823 583 376 694 493 596 489 599 630 587 481 485 549 502 520 774 444 372 484 952 814 407 402 580 434 595 749 
349 138 495 238 65 265 640 103 665 374 598 83 583 227 594 509 373 714 436 139 552 384 301 94 359 432 78 230 0 479 466 687 463 519 278 535 323 132 300 209 450 397 681 552 264 562 285 282 236 539 402 248 78 152 541 307 100 161 442 517 209 191 282 404 171 440 228 484 401 544 356 123 646 460 620 361 229 468 337 365 387 457 462 498 253 259 403 274 375 544 234 154 302 733 586 377 173 409 205 401 534 
816 405 822 698 518 493 869 377 458 768 313 553 826 265 458 243 606 464 151 351 584 764 649 396 517 259 415 692 479 0 825 948 585 122 748 830 262 611 769 271 172 406 519 503 721 669 725 539 576 611 113 355 405 546 743 200 416 415 792 651 684 568 665 268 648 770 707 528 236 795 187 482 543 209 559 130 556 115 573 227 692 660 205 780 321 340 622 319 611 239 420 325 231 538 351 767 358 202 293 493 442 
521 442 63 509 496 334 264 537 730 102 761 469 218 576 637 711 248 795 708 581 462 83 180 547 344 632 471 502 466 825 0 262 356 800 482 125 768 418 494 615 705 483 698 543 268 382 221 288 256 417 716 471 528 575 259 626 564 422 34 342 351 283 184 604 372 69 393 441 839 192 777 376 628 889 576 697 275 755 267 615 144 256 889 136 504 486 251 508 242 751 405 569 732 757 717 96 479 837 549 400 579 
783 624 207 767 729 478 90 736 716 361 796 708 123 735 631 775 351 779 809 778 432 337 386 754 432 711 671 759 687 948 262 0 374 891 743 154 954 665 755 791 798 551 663 534 527 326 480 437 452 386 835 609 736 815 210 763 778 596 268 317 607 495 415 691 624 254 652 452 1017 156 946 576 588 1057 535 829 463 855 388 722 300 289 1056 190 642 621 330 638 346 811 551 756 911 714 742 354 647 1008 712 459 590 
717 346 317 646 525 198 288 464 375 371 428 523 254 411 283 401 131 441 440 498 113 348 272 492 106 338 411 637 463 585 356 374 0 519 653 292 641 516 672 481 427 180 342 187 466 101 431 191 269 81 473 280 477 615 164 416 525 316 325 68 509 316 320 320 501 288 559 87 692 232 615 342 273 720 223 475 261 486 146 359 224 103 718 245 308 286 112 296 135 437 246 462 592 401 377 365 346 676 394 93 229 
867 417 788 752 569 467 807 424 340 756 192 600 769 292 349 134 564 342 93 409 498 747 632 450 469 180 446 745 519 122 800 891 519 0 796 787 366 650 818 328 95 340 403 408 736 592 732 512 565 531 119 338 454 613 682 213 476 419 766 581 713 568 656 201 679 739 743 450 353 742 293 493 434 332 457 164 544 52 536 187 659 605 327 736 309 321 575 298 570 120 403 374 327 418 234 754 369 320 316 432 344 
72 401 536 60 230 473 729 373 923 382 871 197 674 505 845 784 530 977 713 397 759 407 400 352 561 705 354 62 278 748 482 743 653 796 0 595 547 154 22 477 728 642 929 785 217 736 264 463 383 733 679 510 344 224 668 584 334 415 476 687 146 337 355 675 152 497 96 700 623 637 601 347 883 688 848 636 392 745 507 641 487 606 691 579 523 524 558 543 529 820 476 425 543 985 854 389 445 641 483 619 781 
639 480 63 616 576 343 139 589 664 214 718 554 94 601 573 682 225 730 699 632 383 188 234 605 318 609 523 608 535 830 125 154 292 787 595 0 812 512 609 651 692 451 623 476 378 288 331 299 303 335 717 480 587 661 155 637 628 455 120 257 456 344 261 586 472 100 502 379 878 76 809 427 550 922 496 706 315 746 257 608 152 190 921 51 514 493 212 513 219 720 418 612 771 680 668 207 508 872 576 360 521 
607 331 784 490 333 478 889 233 658 686 532 372 837 230 626 442 606 681 332 189 684 691 590 230 544 409 297 486 323 262 768 954 641 366 547 812 0 439 565 163 358 491 704 634 587 740 607 517 514 695 270 361 247 326 771 248 228 357 739 707 526 484 586 397 488 728 533 616 78 800 75 392 704 142 702 229 499 330 568 337 660 681 144 767 333 355 631 347 610 457 407 200 51 738 552 687 307 94 248 551 586 
226 247 461 132 107 327 635 234 769 317 717 68 578 357 692 631 402 823 564 266 617 335 289 219 419 551 204 123 132 611 418 665 516 650 154 512 439 0 177 340 577 490 777 636 167 606 204 324 251 596 533 356 207 161 556 436 212 261 402 558 90 202 252 521 53 412 97 555 517 539 481 194 734 580 701 493 256 598 373 489 381 483 582 485 369 370 431 388 402 667 323 286 425 832 700 322 291 529 334 473 629 
50 423 549 75 251 494 743 395 945 395 893 218 689 526 866 806 549 999 735 418 779 420 418 373 582 727 376 79 300 769 494 755 672 818 22 609 565 177 0 498 750 664 951 807 231 755 278 484 403 753 700 532 365 241 685 606 354 438 489 706 165 358 372 697 173 511 114 721 640 652 620 368 905 706 869 658 413 767 526 663 503 624 709 593 545 546 577 565 548 842 498 447 563 1007 876 402 467 659 505 640 802 
546 173 627 429 247 315 726 106 550 539 448 282 674 76 502 354 443 586 257 82 532 541 435 126 382 296 155 422 209 271 615 791 481 328 477 651 163 340 498 0 278 342 585 493 463 581 474 354 359 538 209 201 134 285 608 133 149 197 585 547 417 335 436 276 380 571 437 463 227 637 162 241 573 275 563 164 341 278 405 219 501 518 275 605 176 197 468 193 447 380 244 55 120 627 453 540 144 223 87 393 453 
799 337 692 687 505 373 714 363 303 664 175 532 676 226 289 84 469 323 26 356 414 654 540 392 374 90 374 680 450 172 705 798 427 95 728 692 358 577 750 278 0 247 357 331 651 504 645 418 474 444 89 248 393 559 589 148 422 334 671 491 634 480 565 107 603 644 668 362 366 648 294 409 373 361 387 130 453 60 441 95 564 511 358 641 221 231 480 208 475 103 311 316 311 384 196 661 289 336 245 339 270 
713 260 460 620 462 184 467 359 284 463 279 473 429 266 202 231 236 344 260 382 194 447 340 391 139 160 326 611 397 406 483 551 180 340 642 451 491 490 664 342 247 0 287 158 501 264 480 217 295 210 295 156 381 544 342 249 427 236 449 245 515 323 379 140 494 417 560 128 532 402 454 297 250 553 228 302 277 306 217 181 339 266 551 401 168 151 240 149 242 270 167 340 440 342 239 459 236 512 258 92 139 
999 543 656 906 745 462 573 630 72 708 218 759 561 512 86 277 463 121 383 644 241 687 596 662 387 296 606 898 681 519 698 663 342 403 929 623 704 777 951 585 357 287 0 157 777 341 749 485 568 289 444 433 655 823 474 461 698 521 667 366 799 603 641 311 780 629 845 259 721 553 646 583 75 718 129 478 552 406 463 370 564 442 714 580 435 424 451 413 468 283 454 600 654 59 169 702 512 692 515 324 148 
854 416 504 767 617 313 444 517 189 551 268 626 423 417 98 275 306 254 352 538 103 530 440 549 233 246 482 759 552 503 543 534 187 408 785 476 634 636 807 493 331 158 157 0 624 209 594 332 416 148 404 313 538 700 332 387 584 390 512 222 650 453 485 245 635 474 698 103 667 409 589 445 98 678 70 425 401 390 307 302 407 290 675 430 325 308 295 304 311 301 318 496 583 216 212 545 393 643 413 170 64 
266 320 320 241 266 318 512 362 785 166 764 231 457 456 698 688 337 845 644 402 578 190 198 357 391 604 309 235 264 721 268 527 466 736 217 378 587 167 231 463 651 501 777 624 0 539 47 292 209 546 628 406 341 328 458 528 361 318 259 490 85 179 149 573 115 280 125 528 664 421 618 243 721 724 679 594 225 685 322 557 276 404 725 362 430 422 362 445 334 727 351 408 564 835 735 173 368 672 429 454 633 
798 447 330 734 622 297 236 566 391 421 474 618 220 510 305 466 206 454 520 599 106 395 341 593 207 414 512 725 562 669 382 326 101 592 736 288 740 606 755 581 504 264 341 209 539 0 499 284 355 62 559 380 578 713 134 510 626 417 355 49 591 404 390 401 587 317 641 142 789 214 712 439 266 814 212 566 350 564 233 445 273 137 812 251 407 385 178 394 207 498 347 564 691 396 419 414 447 772 494 189 267 
312 320 273 288 296 296 465 377 761 120 748 263 411 460 672 676 300 822 639 419 544 143 160 377 362 592 319 280 285 725 221 480 431 732 264 331 607 204 278 474 645 480 749 594 47 499 0 265 184 509 627 397 360 365 413 529 384 314 213 451 129 165 111 561 154 233 172 497 683 375 633 243 691 741 647 596 203 681 289 550 232 363 742 316 424 414 323 436 297 716 338 421 581 808 716 126 368 689 432 426 608 
529 188 284 455 339 46 375 306 495 250 493 334 321 301 407 431 94 557 420 346 295 237 125 328 100 349 243 446 282 539 288 437 191 512 463 299 517 324 484 354 418 217 485 332 292 284 265 0 84 271 428 184 311 430 264 341 357 160 255 238 323 126 162 320 312 231 372 239 581 283 511 159 429 623 389 411 71 467 56 326 153 177 622 252 218 199 122 220 97 471 120 320 474 543 456 246 210 573 277 162 342 
448 186 270 379 285 112 404 287 577 192 566 272 347 321 490 497 150 638 472 331 377 188 76 302 184 414 221 370 236 576 256 452 269 565 383 303 514 251 403 359 474 295 568 416 209 355 184 84 0 350 470 227 284 375 310 376 326 166 226 307 240 50 91 384 232 214 290 322 584 308 520 125 514 633 473 446 21 517 124 379 152 232 633 263 258 244 180 267 150 537 163 314 477 627 532 191 224 581 293 246 425 
797 416 370 726 601 275 296 532 333 443 412 601 276 465 246 404 209 398 461 563 48 418 350 561 181 354 483 717 539 611 417 386 81 531 733 335 695 596 753 538 444 210 289 148 546 62 509 271 350 0 502 339 547 691 186 458 595 386 388 77 590 396 398 343 582 349 640 83 740 265 662 419 215 763 162 512 341 504 227 390 294 161 760 293 363 341 187 347 212 436 314 525 644 345 357 436 411 721 452 146 206 
749 308 710 634 450 382 756 306 392 662 262 482 712 176 373 173 493 412 63 291 478 656 541 331 403 159 331 627 402 113 716 835 473 119 679 717 270 533 700 209 89 295 444 404 628 559 627 428 470 502 0 245 336 495 630 99 358 314 682 540 599 466 560 162 565 659 628 419 277 681 205 385 456 277 465 47 449 69 461 115 580 546 273 667 212 229 508 208 498 187 311 255 224 473 285 661 260 248 201 381 346 
582 111 468 480 312 138 537 204 417 419 364 328 488 131 347 283 259 468 245 228 336 412 297 236 184 200 173 472 248 355 471 609 280 338 510 480 361 356 532 201 248 156 433 313 406 380 397 184 227 339 245 0 225 390 415 157 271 95 438 347 398 231 318 169 371 415 437 266 415 453 340 169 404 449 383 227 206 290 223 153 337 326 448 431 34 17 279 40 264 322 66 188 313 485 344 417 80 402 114 193 288 
413 131 552 298 114 284 682 30 632 442 551 148 626 167 569 459 404 676 376 61 553 449 356 18 371 388 67 291 78 405 528 736 477 454 344 587 247 207 365 134 393 381 655 538 341 578 360 311 284 547 336 225 0 171 575 245 48 161 502 536 287 246 344 361 249 496 304 483 324 587 278 160 629 383 608 293 272 403 366 315 436 487 384 546 220 232 433 242 407 491 233 81 223 704 545 444 145 331 151 403 512 
281 284 614 165 91 417 776 199 802 475 721 107 719 334 737 628 519 847 540 204 703 492 430 168 510 558 218 162 152 546 575 815 615 613 224 661 326 161 241 285 559 544 823 700 328 713 365 430 375 691 495 390 171 0 685 411 137 311 556 667 247 326 400 532 213 562 233 636 400 680 384 273 793 466 769 449 372 563 485 485 520 604 469 629 389 399 549 411 521 659 384 243 328 873 716 480 311 420 321 552 678 
723 451 202 677 594 296 126 569 519 316 589 582 91 545 431 566 171 584 601 609 234 289 269 592 232 502 508 668 541 743 259 210 164 682 668 155 771 556 685 608 589 342 474 332 458 134 413 264 310 186 630 415 575 685 0 564 621 421 237 111 522 359 314 482 527 200 572 244 830 80 755 420 399 864 345 628 313 647 209 516 182 90 863 123 447 425 143 440 168 601 364 580 725 529 536 309 465 817 525 251 385 
655 209 625 541 358 296 688 215 421 568 315 388 641 80 380 221 414 454 130 208 443 563 449 243 332 166 233 534 307 200 626 763 416 213 584 637 248 436 606 133 148 249 461 387 528 510 529 341 376 458 99 157 245 411 564 0 273 216 593 483 500 369 465 150 467 572 530 377 283 608 205 286 456 305 454 71 356 161 380 91 495 477 303 588 123 144 433 125 420 249 222 168 197 500 321 567 161 263 103 323 338 
400 179 591 282 107 331 726 68 672 474 585 146 670 198 612 492 450 715 403 67 601 483 395 36 419 424 114 276 100 416 564 778 525 476 334 628 228 212 354 149 422 427 698 584 361 626 384 357 326 595 358 271 48 137 621 273 0 209 539 584 298 285 380 399 259 535 307 531 306 631 270 203 674 368 654 313 315 427 413 350 478 534 370 588 263 277 479 285 453 522 281 106 214 746 583 477 191 318 187 451 556 
487 30 431 387 226 126 535 150 509 355 459 238 481 155 435 376 252 562 327 187 394 353 242 176 210 294 96 378 161 415 422 596 316 419 415 455 357 261 438 197 334 236 521 390 318 417 314 160 166 386 314 95 161 311 421 216 209 0 391 376 304 153 251 263 276 375 342 326 424 443 357 76 485 469 458 285 147 368 213 240 304 332 469 409 114 110 279 131 255 414 74 160 316 575 439 354 58 418 127 244 373 
519 412 60 499 475 301 258 509 697 94 727 450 208 544 605 677 214 763 675 553 432 69 150 520 310 597 443 492 442 792 34 268 325 766 476 120 739 402 489 585 671 449 667 512 259 355 213 255 226 388 682 438 502 556 237 593 539 391 0 314 340 256 160 570 358 39 384 409 810 177 746 348 598 859 546 664 244 721 233 581 110 227 859 118 471 453 218 475 208 716 372 540 703 726 683 87 448 807 518 366 546 
749 406 294 686 576 254 229 525 409 375 479 571 202 477 320 460 157 474 505 560 125 349 293 552 167 402 470 677 517 651 342 317 68 581 687 257 707 558 706 547 491 245 366 222 490 49 451 238 307 77 540 347 536 667 111 483 584 376 314 0 542 356 342 385 538 275 592 135 759 188 683 394 293 788 239 543 303 550 185 425 226 91 786 216 375 353 130 364 159 495 308 526 659 423 425 368 410 743 460 161 274 
208 298 400 160 196 337 587 312 799 249 762 157 531 424 716 680 385 856 624 348 617 271 254 301 422 598 270 152 209 684 351 607 509 713 146 456 526 90 165 417 634 515 799 650 85 591 129 323 240 590 599 398 287 247 522 500 298 304 340 542 0 197 209 567 39 357 51 561 604 494 564 229 749 666 710 562 251 661 363 542 341 459 668 436 417 414 412 435 383 718 353 362 509 856 739 255 345 615 398 482 651 
404 166 306 331 237 141 451 253 607 205 585 223 394 306 522 511 200 667 475 297 422 207 110 265 225 427 188 322 191 568 283 495 316 568 337 344 484 202 358 335 480 323 603 453 179 404 165 126 50 396 466 231 246 326 359 369 285 153 256 356 197 0 102 396 186 250 246 364 557 354 497 93 552 609 513 438 55 518 172 385 196 282 609 306 259 248 230 271 200 551 173 286 450 661 555 205 210 557 278 284 457 
411 267 214 365 317 199 383 354 656 104 653 293 327 406 566 587 189 718 563 398 433 105 49 363 254 504 289 357 282 665 184 415 320 656 355 261 586 252 372 436 565 379 641 485 149 390 111 162 91 398 560 318 344 400 314 465 380 251 160 342 209 102 0 474 216 162 259 387 659 288 599 195 582 711 537 535 112 608 179 470 132 255 711 233 349 335 213 358 186 627 254 388 552 700 617 104 309 658 378 318 502 
747 274 588 641 465 277 608 334 275 569 196 487 569 205 229 115 364 315 120 340 317 557 444 365 268 31 326 633 404 268 604 691 320 201 675 586 397 521 697 276 107 140 311 245 573 401 561 320 384 343 162 169 361 532 482 150 399 263 570 385 567 396 474 0 539 541 606 260 423 541 346 338 307 433 309 180 363 165 338 60 462 404 430 535 153 153 373 133 370 154 223 296 346 352 184 566 231 399 212 232 191 
220 267 418 150 157 321 599 274 777 270 735 120 542 389 697 651 381 833 591 309 607 290 258 263 410 569 234 141 171 648 372 624 501 679 152 472 488 53 173 380 603 494 780 635 115 587 154 312 232 582 565 371 249 213 527 467 259 276 358 538 39 186 216 539 0 371 67 548 565 504 526 202 733 627 696 527 241 627 356 511 348 459 629 448 388 386 410 406 380 689 330 325 470 837 713 276 314 576 364 467 632 
543 398 56 516 478 277 233 501 661 120 694 455 179 527 568 646 181 726 648 545 394 93 140 514 278 568 435 508 440 770 69 254 288 739 497 100 728 412 511 571 644 417 629 474 280 317 233 231 214 349 659 415 496 562 200 572 535 375 39 275 357 250 162 541 371 0 403 373 798 145 732 339 560 845 508 642 230 695 203 555 80 188 845 85 449 430 182 451 175 685 350 528 690 688 649 113 432 794 501 332 510 
158 333 445 117 201 385 635 331 843 292 801 162 579 452 762 717 435 900 656 363 667 315 304 316 471 636 297 110 228 707 393 652 559 743 96 502 533 97 114 437 668 560 845 698 125 641 172 372 290 640 628 437 304 233 572 530 307 342 384 592 51 246 259 606 67 403 0 610 611 542 577 269 797 675 759 588 301 691 413 577 391 510 677 484 454 452 463 473 434 755 396 383 521 902 780 298 379 624 427 530 697 
767 354 404 687 548 229 364 466 289 449 344 552 335 389 196 326 204 354 379 494 70 427 340 496 139 272 422 678 484 528 441 452 87 450 700 379 616 555 721 463 362 128 259 103 528 142 497 239 322 83 419 266 483 636 244 377 531 326 409 135 561 364 387 260 548 373 610 0 660 317 581 369 195 681 151 429 310 422 208 307 305 190 678 332 287 267 192 270 209 360 252 454 566 319 292 443 342 640 377 84 142 
681 399 853 565 411 540 950 308 669 760 534 450 899 284 647 449 667 685 340 265 726 764 660 307 599 430 370 561 401 236 839 1017 692 353 623 878 78 517 640 227 366 532 721 667 664 789 683 581 584 740 277 415 324 400 830 283 306 424 810 759 604 557 659 423 565 798 611 660 0 862 78 464 729 66 732 245 568 327 630 365 728 740 70 832 385 407 691 396 672 458 467 271 108 750 561 761 370 35 306 600 614 
687 471 131 652 591 323 97 586 597 266 660 574 40 580 507 631 195 662 658 627 313 238 251 605 278 562 521 644 544 795 192 156 232 742 637 76 800 539 652 637 648 402 553 409 421 214 375 283 308 265 681 453 587 680 80 608 631 443 177 188 494 354 288 541 504 145 542 317 862 0 790 428 479 901 425 675 316 704 233 569 159 137 901 60 487 465 174 482 191 668 396 603 756 609 608 258 493 853 557 310 459 
663 335 787 546 377 468 876 257 596 701 465 416 826 211 571 378 595 616 268 217 647 703 597 263 524 353 314 541 356 187 777 946 615 293 601 809 75 481 620 162 294 454 646 589 618 712 633 511 520 662 205 340 278 384 755 205 270 357 746 683 564 497 599 346 526 732 577 581 78 790 0 403 652 113 654 169 503 260 558 287 660 666 113 762 309 331 618 319 600 390 394 213 57 677 489 702 301 62 234 523 537 
418 77 394 323 183 144 523 162 577 298 533 184 468 218 499 451 251 631 401 206 434 300 199 178 238 369 96 315 123 482 376 576 342 493 347 427 392 194 368 241 409 297 583 445 243 439 243 159 125 419 385 169 160 273 420 286 203 76 348 394 229 93 195 338 202 339 269 369 464 428 403 0 542 515 510 353 113 441 214 315 276 335 516 386 189 185 280 206 253 490 129 193 357 639 511 299 125 463 190 285 435 
952 509 584 865 711 412 498 606 135 643 262 722 486 497 85 302 399 193 398 624 168 621 535 638 330 299 575 856 646 543 628 588 273 434 883 550 704 734 905 573 373 250 75 98 721 266 691 429 514 215 456 404 629 793 399 456 674 485 598 293 749 552 582 307 733 560 797 195 729 479 652 542 0 733 54 484 499 428 403 367 497 372 729 508 411 397 385 390 404 317 414 581 653 130 207 637 484 702 496 268 120 
747 447 900 631 474 580 986 364 661 813 520 513 937 322 649 442 706 672 336 323 744 815 709 367 632 435 424 627 460 209 889 1057 720 332 688 922 142 580 706 275 361 553 718 678 724 814 741 623 633 763 277 449 383 466 864 305 368 469 859 788 666 609 711 433 627 845 675 681 66 901 113 515 733 0 741 254 615 314 669 377 772 775 5 874 417 439 728 425 711 444 506 323 160 742 553 814 414 52 346 627 622 
916 484 531 832 684 375 445 587 184 594 298 692 432 487 114 323 351 245 410 608 114 571 490 618 289 306 551 823 620 559 576 535 223 457 848 496 702 701 869 563 387 228 129 70 679 212 647 389 473 162 465 383 608 769 345 454 654 458 546 239 710 513 537 309 696 508 759 151 732 425 654 510 54 741 0 489 459 445 358 368 447 320 738 454 395 378 335 374 356 343 386 566 651 184 241 588 463 707 483 229 119 
706 276 695 590 407 365 753 263 429 638 305 440 707 138 402 213 482 453 105 245 492 634 520 287 398 185 292 583 361 130 697 829 475 164 636 706 229 493 658 164 130 302 478 425 594 566 596 411 446 512 47 227 293 449 628 71 313 285 664 543 562 438 535 180 527 642 588 429 245 675 169 353 484 254 489 0 426 116 449 124 565 542 251 656 193 213 500 193 488 231 292 212 182 510 323 637 229 219 165 382 370 
458 169 286 385 281 93 412 274 559 213 546 271 355 301 473 477 148 620 451 317 367 208 95 290 171 393 208 376 229 556 275 463 261 544 392 315 499 256 413 341 453 277 552 401 225 350 203 71 21 341 449 206 272 372 313 356 315 147 244 303 251 55 112 363 241 230 301 310 568 316 503 113 499 615 459 426 0 496 118 358 164 232 615 274 238 223 178 246 149 517 142 298 460 611 513 212 205 564 274 231 408 
815 366 745 701 517 421 773 373 347 708 207 548 733 241 343 129 522 359 47 359 475 700 585 400 428 150 394 694 468 115 755 855 486 52 745 746 330 598 767 278 60 306 406 390 685 564 681 467 517 504 69 290 403 563 647 161 427 368 721 550 661 518 608 165 627 695 691 422 327 704 260 441 428 314 445 116 496 0 493 140 615 568 310 695 259 273 534 250 528 131 354 323 287 428 239 706 317 295 264 396 328 
571 242 251 502 394 90 322 361 482 249 496 387 269 347 391 444 38 546 446 400 257 231 133 383 80 365 299 493 337 573 267 388 146 536 507 257 568 373 526 405 441 217 463 307 322 233 289 56 124 227 461 223 366 485 209 380 413 213 233 185 363 172 179 338 356 203 413 208 630 233 558 214 403 669 358 449 118 493 0 353 124 121 668 208 257 236 66 255 42 483 163 372 523 523 455 244 261 620 324 142 328 
713 245 605 603 423 281 642 286 331 570 235 448 599 152 289 144 383 367 94 288 368 561 446 317 291 77 288 596 365 227 615 722 359 187 641 608 337 489 663 219 95 181 370 302 557 445 550 326 379 390 115 153 315 485 516 91 350 240 581 425 542 385 470 60 511 555 577 307 365 569 287 315 367 377 368 124 358 140 353 0 475 433 375 557 127 136 397 113 389 179 216 245 286 409 234 568 198 341 165 266 250 
541 329 131 497 432 199 256 438 591 149 617 414 199 453 498 567 105 656 569 480 335 125 91 454 200 489 372 489 387 692 144 300 224 659 487 152 660 381 503 501 564 339 564 407 276 273 232 153 152 294 580 337 436 520 182 495 478 304 110 226 341 196 132 462 348 80 391 305 728 159 660 276 497 772 447 565 164 615 124 475 0 136 772 110 371 352 113 373 99 607 273 461 620 623 573 143 359 722 427 257 438 
665 362 214 608 513 207 212 481 478 285 528 503 166 456 386 495 84 544 521 519 206 259 207 504 144 426 420 599 457 660 256 289 103 605 606 190 681 483 624 518 511 266 442 290 404 137 363 177 232 161 546 326 487 604 90 477 534 332 227 91 459 282 255 404 459 188 510 190 740 137 666 335 372 775 320 542 232 568 121 433 136 0 774 142 358 336 55 352 83 532 274 490 635 501 478 278 375 728 435 173 332 
750 447 900 634 476 579 985 365 657 813 516 515 936 321 646 438 705 667 332 324 742 816 709 368 631 432 425 630 462 205 889 1056 718 327 691 921 144 582 709 275 358 551 714 675 725 812 742 622 633 760 273 448 384 469 863 303 370 469 859 786 668 609 711 430 629 845 677 678 70 901 113 516 729 5 738 251 615 310 668 375 772 774 0 874 416 438 727 424 710 440 505 324 161 738 549 814 413 53 345 625 619 
627 436 80 595 542 295 151 547 619 206 669 522 95 553 527 632 174 684 648 589 340 178 199 564 267 559 481 587 498 780 136 190 245 736 579 51 767 485 593 605 641 401 580 430 362 251 316 252 263 293 667 431 546 629 123 588 588 409 118 216 436 306 233 535 448 85 484 332 832 60 762 386 508 874 454 656 274 695 208 557 110 142 874 0 465 444 161 463 169 670 370 568 725 638 620 198 462 825 528 310 474 
595 122 502 489 316 172 570 196 413 451 348 335 521 103 349 263 292 461 216 214 357 444 329 228 215 182 176 481 253 321 504 642 308 309 523 514 333 369 545 176 221 168 435 325 430 407 424 218 258 363 212 34 220 389 447 123 263 114 471 375 417 259 349 153 388 449 454 287 385 487 309 189 411 417 395 193 238 259 257 127 371 358 416 465 0 22 313 22 298 301 99 172 284 484 333 449 80 370 90 218 293 
596 124 483 493 323 153 547 209 405 436 349 340 499 125 338 267 271 455 228 231 336 428 313 241 193 184 183 485 259 340 486 621 286 321 524 493 355 370 546 197 231 151 424 308 422 385 414 199 244 341 229 17 232 399 425 144 277 110 453 353 414 248 335 153 386 430 452 267 407 465 331 185 397 439 378 213 223 273 236 136 352 336 438 444 22 0 291 23 276 305 82 189 306 475 330 434 88 393 111 196 279 
619 308 221 558 458 154 259 427 479 259 514 449 209 407 387 472 30 545 488 466 225 236 164 450 106 398 366 549 403 622 251 330 112 575 558 212 631 431 577 468 480 240 451 295 362 178 323 122 180 187 508 279 433 549 143 433 479 279 218 130 412 230 213 373 410 182 463 192 691 174 618 280 385 728 335 500 178 534 66 397 113 55 727 161 313 291 0 308 30 510 224 437 586 511 467 253 324 680 385 152 328 
614 142 503 510 337 174 563 217 391 458 329 356 516 118 327 246 289 440 205 235 339 451 336 249 208 163 197 502 274 319 508 638 296 298 543 513 347 388 565 193 208 149 413 304 445 394 436 220 267 347 208 40 242 411 440 125 285 131 475 364 435 271 358 133 406 451 473 270 396 482 319 206 390 425 374 193 246 250 255 113 373 352 424 463 22 23 308 0 295 284 105 192 297 462 312 456 101 380 109 205 271 
590 284 219 528 430 132 279 402 493 240 519 420 227 389 401 472 6 558 481 442 248 218 138 424 103 395 340 520 375 611 242 346 135 570 529 219 610 402 548 447 475 242 468 311 334 207 297 97 150 212 498 264 407 521 168 420 453 255 208 159 383 200 186 370 380 175 434 209 672 191 600 253 404 711 356 488 149 528 42 389 99 83 710 169 298 276 30 295 0 511 205 415 566 528 474 234 303 662 366 158 340 
891 422 730 782 601 429 723 461 220 721 76 627 691 324 232 40 505 228 127 457 398 708 596 491 408 124 466 774 544 239 751 811 437 120 820 720 457 667 842 380 103 270 283 301 727 498 716 471 537 436 187 322 491 659 601 249 522 414 716 495 718 551 627 154 689 685 755 360 458 668 390 490 317 444 343 231 517 131 483 179 607 532 440 670 301 305 510 284 511 0 378 416 412 299 114 718 376 426 341 360 237 
547 103 403 452 299 75 483 219 448 354 413 307 432 184 369 338 201 503 309 252 321 346 231 247 141 254 170 444 234 420 405 551 246 403 476 418 407 323 498 244 311 167 454 318 351 347 338 120 163 314 311 66 233 384 364 222 281 74 372 308 353 173 254 223 330 350 396 252 467 396 394 129 414 506 386 292 142 354 163 216 273 274 505 370 99 82 224 105 205 378 0 218 361 509 386 352 102 457 161 170 306 
495 132 584 379 196 284 694 52 570 490 479 229 641 93 515 386 411 611 297 44 524 493 390 76 359 320 102 372 154 325 569 756 462 374 425 612 200 286 447 55 316 340 600 496 408 564 421 320 314 525 255 188 81 243 580 168 106 160 540 526 362 286 388 296 325 528 383 454 271 603 213 193 581 323 566 212 298 323 372 245 461 490 324 568 172 189 437 192 415 416 218 0 164 646 478 491 116 271 85 379 462 
606 292 746 489 321 433 844 204 609 654 486 359 793 182 575 395 561 634 286 163 634 657 553 208 496 358 265 484 302 231 732 911 592 327 543 771 51 425 563 120 311 440 654 583 564 691 581 474 477 644 224 313 223 328 725 197 214 316 703 659 509 450 552 346 470 690 521 566 108 756 57 357 653 160 651 182 460 287 523 286 620 635 161 725 284 306 586 297 566 412 361 164 0 689 504 655 263 108 201 502 535 
1055 595 714 961 797 520 625 678 81 767 227 812 616 556 140 301 523 93 410 689 298 746 656 710 446 333 658 952 733 538 757 714 401 418 985 680 738 832 1007 627 384 342 59 216 835 396 808 543 627 345 473 485 704 873 529 500 746 575 726 423 856 661 700 352 837 688 902 319 750 609 677 639 130 742 184 510 611 428 523 409 623 501 738 638 484 475 511 462 528 299 509 646 689 0 189 762 563 720 560 383 204 
926 454 687 822 648 420 652 517 108 702 57 669 627 386 127 112 469 133 222 522 314 686 580 549 375 158 508 814 586 351 717 742 377 234 854 668 552 700 876 453 196 239 169 212 735 419 716 456 532 357 285 344 545 716 536 321 583 439 683 425 739 555 617 184 713 649 780 292 561 608 489 511 207 553 241 323 513 239 455 234 573 478 549 620 333 330 467 312 474 114 386 478 504 189 0 698 413 531 396 317 152 
433 371 147 414 403 289 344 455 725 8 737 374 292 509 633 677 239 789 661 499 477 20 122 462 324 595 391 407 377 767 96 354 365 754 389 207 687 322 402 540 661 459 702 545 173 414 126 246 191 436 661 417 444 480 309 567 477 354 87 368 255 205 104 566 276 113 298 443 761 258 702 299 637 814 588 637 212 706 244 568 143 278 814 198 449 434 253 456 234 718 352 491 655 762 698 0 412 762 482 386 571 
516 49 487 410 236 171 582 124 493 412 427 256 530 97 426 339 299 541 279 153 412 411 299 156 243 260 96 402 173 358 479 647 346 369 445 508 307 291 467 144 289 236 512 393 368 447 368 210 224 411 260 80 145 311 465 161 191 58 448 410 345 210 309 231 314 432 379 342 370 493 301 125 484 414 463 229 205 317 261 198 359 375 413 462 80 88 324 101 303 376 102 116 263 563 413 412 0 363 70 265 367 
701 396 849 584 424 531 939 312 639 761 502 463 889 273 620 419 657 654 310 270 705 763 658 315 586 403 372 580 409 202 837 1008 676 320 641 872 94 529 659 223 336 512 692 643 672 772 689 573 581 721 248 402 331 420 817 263 318 418 807 743 615 557 658 399 576 794 624 640 35 853 62 463 702 52 707 219 564 295 620 341 722 728 53 825 370 393 680 380 662 426 457 271 108 720 531 762 363 0 296 583 589 
554 113 556 442 260 234 644 122 486 482 400 287 593 28 429 308 362 528 230 129 447 480 369 153 296 238 131 434 205 293 549 712 394 316 483 576 248 334 505 87 245 258 515 413 429 494 432 277 293 452 201 114 151 321 525 103 187 127 518 460 398 278 378 212 364 501 427 377 306 557 234 190 496 346 483 165 274 264 324 165 427 435 345 528 90 111 385 109 366 341 161 85 201 560 396 482 70 296 0 306 377 
687 273 372 604 465 146 377 387 339 391 362 469 337 321 249 322 152 403 350 417 151 372 274 416 64 252 340 595 401 493 400 459 93 432 619 360 551 473 640 393 339 92 324 170 454 189 426 162 246 146 381 193 403 552 251 323 451 244 366 161 482 284 318 232 467 332 530 84 600 310 523 285 268 627 229 382 231 396 142 266 257 173 625 310 218 196 152 205 158 360 170 379 502 383 317 386 265 583 306 0 185 
851 396 544 758 598 316 501 488 154 576 207 611 476 378 65 211 334 218 292 505 163 557 459 520 248 187 460 749 534 442 579 590 229 344 781 521 586 629 802 453 270 139 148 64 633 267 608 342 425 206 346 288 512 678 385 338 556 373 546 274 651 457 502 191 632 510 697 142 614 459 537 435 120 622 119 370 408 328 328 250 438 332 619 474 293 279 328 271 340 237 306 462 535 204 152 571 367 589 377 185 0 
