50 5
60 20 60 50 10 10 80 40 20 10 20 30 30 30 10 100 60 40 30 90 100 20 90 90 70 80 90 50 100 20 60 40 20 80 10 40 90 70 20 50 50 30 100 30 40 60 80 80 100 20 
0 93 63 50 74 107 77 85 73 91 53 110 59 101 102 58 79 59 104 33 57 96 37 111 113 93 102 76 80 102 117 89 16 75 116 75 98 85 70 34 132 79 66 62 42 88 82 89 127 85 17 
93 0 36 57 32 17 26 14 26 19 50 18 58 37 48 35 18 39 12 73 40 16 58 33 34 61 31 17 40 22 23 54 78 53 24 55 48 24 51 67 40 38 32 52 52 60 15 60 34 37 76 
63 36 0 45 38 46 15 35 11 28 14 54 24 39 44 12 18 4 44 53 27 34 34 64 66 74 40 22 50 53 59 38 47 57 60 30 67 22 23 45 75 21 28 19 22 41 21 42 69 25 46 
50 57 45 0 28 74 55 44 49 64 48 69 62 81 88 33 50 44 69 19 19 67 19 64 66 44 79 42 31 57 77 82 40 25 75 73 48 62 66 16 91 65 25 59 30 85 52 86 87 69 37 
74 32 38 28 0 49 41 18 36 45 49 41 62 64 73 28 32 40 44 47 18 46 38 37 39 36 60 22 12 29 50 73 61 22 47 68 29 45 61 42 63 54 11 57 39 77 33 78 59 56 58 
107 17 46 74 49 0 32 31 35 20 59 19 64 29 40 49 28 50 5 90 56 13 73 40 41 76 22 32 56 33 17 52 91 70 22 57 61 26 55 82 32 41 48 58 65 58 26 58 26 36 90 
77 26 15 55 41 32 0 31 6 13 27 44 32 26 33 23 10 18 31 66 36 20 48 58 60 76 26 19 52 47 47 32 61 62 49 30 67 8 25 58 63 14 33 26 36 37 11 37 57 15 61 
85 14 35 44 18 31 31 0 28 30 48 25 59 49 59 30 21 38 26 62 29 29 49 29 31 48 44 13 26 18 33 62 70 39 31 60 36 32 55 56 48 45 20 53 45 68 20 68 43 45 68 
73 26 11 49 36 35 6 28 0 18 24 44 32 32 39 17 8 14 33 60 30 24 42 56 58 72 31 15 48 45 48 37 57 57 50 33 63 13 27 52 65 18 27 26 31 41 11 42 59 21 56 
91 19 28 64 45 20 13 30 18 0 40 34 44 19 29 34 14 31 19 77 45 7 59 52 53 78 15 23 55 42 36 35 74 67 39 38 66 7 35 69 52 21 40 38 49 41 12 41 46 18 74 
53 50 14 48 49 59 27 48 24 40 0 68 14 48 50 21 32 10 57 51 34 47 32 78 80 83 50 36 60 67 72 38 37 65 74 27 78 34 20 43 89 26 38 12 18 40 35 41 83 32 37 
110 18 54 69 41 19 44 25 44 34 68 0 76 48 59 52 36 57 16 87 54 29 74 21 22 61 41 34 44 16 9 69 94 58 6 72 45 40 68 81 23 55 45 69 69 75 33 75 18 52 93 
59 58 24 62 62 64 32 59 32 44 14 76 0 46 45 34 40 22 63 63 48 51 45 88 90 97 50 46 74 77 79 30 45 79 81 16 91 38 12 55 96 25 51 6 31 29 43 30 90 30 46 
101 37 39 81 64 29 26 49 32 19 48 48 46 0 11 49 32 42 32 92 62 21 73 68 69 97 7 41 74 59 46 25 85 85 51 34 84 19 35 84 60 22 58 41 61 31 30 30 54 16 85 
102 48 44 88 73 40 33 59 39 29 50 59 45 11 0 55 40 46 43 97 69 32 78 79 80 107 18 50 83 70 57 18 87 95 62 30 95 28 33 89 70 24 66 40 65 23 40 22 65 19 87 
58 35 12 33 28 49 23 30 17 34 21 52 34 49 55 0 21 13 46 43 15 39 25 59 61 63 48 19 40 48 59 50 42 46 59 42 57 30 35 35 75 32 17 30 16 53 24 54 70 36 41 
79 18 18 50 32 28 10 21 8 14 32 36 40 32 40 21 0 22 25 63 31 18 46 48 50 67 29 10 43 37 40 42 63 54 42 40 57 13 34 56 57 24 26 34 37 47 3 47 51 24 62 
59 39 4 44 40 50 18 38 14 31 10 57 22 42 46 13 22 0 47 51 28 38 32 67 69 75 43 25 52 56 62 38 43 58 64 29 69 26 22 43 79 22 30 17 19 41 25 42 73 27 43 
104 12 44 69 44 5 31 26 33 19 57 16 63 32 43 46 25 47 0 85 52 13 69 36 37 71 25 28 51 28 16 53 88 64 20 57 56 26 54 78 33 40 44 57 62 59 23 60 27 37 87 
33 73 53 19 47 90 66 62 60 77 51 87 63 92 97 43 63 51 85 0 34 81 19 83 86 60 92 57 50 76 95 89 28 43 93 77 67 73 70 8 109 73 42 63 33 90 66 91 105 78 25 
57 40 27 19 18 56 36 29 30 45 34 54 48 62 69 15 31 28 52 34 0 48 20 55 57 49 60 24 28 45 62 65 42 31 60 57 47 42 50 27 77 47 9 44 21 68 33 69 72 50 40 
96 16 34 67 46 13 20 29 24 7 47 29 51 21 32 39 18 38 13 81 48 0 64 47 49 77 15 25 55 38 29 41 80 67 33 44 64 13 42 74 45 28 42 45 54 47 16 47 39 24 79 
37 58 34 19 38 73 48 49 42 59 32 74 45 73 78 25 46 32 69 19 20 64 0 74 77 62 73 41 45 65 81 69 23 43 80 58 64 55 51 11 96 54 29 44 14 71 48 72 91 59 21 
111 33 64 64 37 40 58 29 56 52 78 21 88 68 79 59 48 67 36 83 55 47 74 0 2 44 61 42 34 11 28 87 97 47 22 87 27 56 83 79 32 71 46 82 73 93 47 93 31 69 95 
113 34 66 66 39 41 60 31 58 53 80 22 90 69 80 61 50 69 37 86 57 49 77 2 0 45 62 44 36 13 28 89 99 49 22 89 28 58 84 81 31 73 48 84 76 94 48 95 31 71 97 
93 61 74 44 36 76 76 48 72 78 83 61 97 97 107 63 67 75 71 60 49 77 62 44 45 0 92 57 24 45 70 108 84 19 64 103 17 79 97 60 76 90 46 92 70 113 67 113 75 91 81 
102 31 40 79 60 22 26 44 31 15 50 41 50 7 18 48 29 43 25 92 60 15 73 61 62 92 0 38 69 52 39 31 86 82 44 39 79 18 39 84 53 25 55 45 62 37 27 37 47 20 86 
76 17 22 42 22 32 19 13 15 23 36 34 46 41 50 19 10 25 28 57 24 25 41 42 44 57 38 0 33 31 40 51 61 44 40 48 48 22 42 50 56 33 17 40 35 56 11 57 51 34 59 
80 40 50 31 12 56 52 26 48 55 60 44 74 74 83 40 43 52 51 50 28 55 45 34 36 24 69 33 0 29 53 84 68 14 49 79 19 56 73 47 64 66 22 69 49 89 44 89 61 67 66 
102 22 53 57 29 33 47 18 45 42 67 16 77 59 70 48 37 56 28 76 45 38 65 11 13 45 52 31 29 0 25 77 87 43 20 77 29 46 72 71 35 60 36 71 63 82 36 83 32 59 85 
117 23 59 77 50 17 47 33 48 36 72 9 79 46 57 59 40 62 16 95 62 29 81 28 28 70 39 40 53 25 0 69 101 67 6 74 53 42 71 89 17 57 53 73 75 75 38 75 11 53 100 
89 54 38 82 73 52 32 62 37 35 38 69 30 25 18 50 42 38 53 89 65 41 69 87 89 108 31 51 84 77 69 0 74 94 74 14 98 31 19 81 84 18 64 27 56 6 42 6 78 18 75 
16 78 47 40 61 91 61 70 57 74 37 94 45 85 87 42 63 43 88 28 42 80 23 97 99 84 86 61 68 87 101 74 0 65 101 61 87 69 55 24 117 63 51 47 26 74 66 75 112 69 3 
75 53 57 25 22 70 62 39 57 67 65 58 79 85 95 46 54 58 64 43 31 67 43 47 49 19 82 44 14 43 67 94 65 0 63 87 25 67 80 42 77 75 30 75 51 98 55 98 75 77 62 
116 24 60 75 47 22 49 31 50 39 74 6 81 51 62 59 42 64 20 93 60 33 80 22 22 64 44 40 49 20 6 74 101 63 0 77 48 45 74 87 16 60 51 75 75 80 39 80 12 57 99 
75 55 30 73 68 57 30 60 33 38 27 72 16 34 30 42 40 29 57 77 57 44 58 87 89 103 39 48 79 77 74 14 61 87 77 0 95 32 7 69 89 17 58 15 44 13 41 14 83 21 62 
98 48 67 48 29 61 67 36 63 66 78 45 91 84 95 57 57 69 56 67 47 64 64 27 28 17 79 48 19 29 53 98 87 25 48 95 0 68 89 65 59 80 41 86 68 103 56 104 58 81 84 
85 24 22 62 45 26 8 32 13 7 34 40 38 19 28 30 13 26 26 73 42 13 55 56 58 79 18 22 56 46 42 31 69 67 45 32 68 0 29 65 58 15 38 31 44 36 12 37 52 13 68 
70 51 23 66 61 55 25 55 27 35 20 68 12 35 33 35 34 22 54 70 50 42 51 83 84 97 39 42 73 72 71 19 55 80 74 7 89 29 0 62 87 14 51 8 37 20 36 21 81 19 56 
34 67 45 16 42 82 58 56 52 69 43 81 55 84 89 35 56 43 78 8 27 74 11 79 81 60 84 50 47 71 89 81 24 42 87 69 65 65 62 0 103 65 36 55 25 82 58 83 99 70 21 
132 40 75 91 63 32 63 48 65 52 89 23 96 60 70 75 57 79 33 109 77 45 96 32 31 76 53 56 64 35 17 84 117 77 16 89 59 58 87 103 0 73 67 89 91 90 54 90 6 69 115 
79 38 21 65 54 41 14 45 18 21 26 55 25 22 24 32 24 22 40 73 47 28 54 71 73 90 25 33 66 60 57 18 63 75 60 17 80 15 14 65 73 0 46 19 41 23 25 24 67 6 64 
66 32 28 25 11 48 33 20 27 40 38 45 51 58 66 17 26 30 44 42 9 42 29 46 48 46 55 17 22 36 53 64 51 30 51 58 41 38 51 36 67 46 0 47 28 68 27 69 63 48 49 
62 52 19 59 57 58 26 53 26 38 12 69 6 41 40 30 34 17 57 63 44 45 44 82 84 92 45 40 69 71 73 27 47 75 75 15 86 31 8 55 89 19 47 0 30 28 36 29 83 25 48 
42 52 22 30 39 65 36 45 31 49 18 69 31 61 65 16 37 19 62 33 21 54 14 73 76 70 62 35 49 63 75 56 26 51 75 44 68 44 37 25 91 41 28 30 0 57 39 58 86 46 25 
88 60 41 85 77 58 37 68 41 41 40 75 29 31 23 53 47 41 59 90 68 47 71 93 94 113 37 56 89 82 75 6 74 98 80 13 103 36 20 82 90 23 68 28 57 0 47 1 84 23 75 
82 15 21 52 33 26 11 20 11 12 35 33 43 30 40 24 3 25 23 66 33 16 48 47 48 67 27 11 44 36 38 42 66 55 39 41 56 12 36 58 54 25 27 36 39 47 0 48 48 24 65 
89 60 42 86 78 58 37 68 42 41 41 75 30 30 22 54 47 42 60 91 69 47 72 93 95 113 37 57 89 83 75 6 75 98 80 14 104 37 21 83 90 24 69 29 58 1 48 0 84 24 76 
127 34 69 87 59 26 57 43 59 46 83 18 90 54 65 70 51 73 27 105 72 39 91 31 31 75 47 51 61 32 11 78 112 75 12 83 58 52 81 99 6 67 63 83 86 84 48 84 0 63 110 
85 37 25 69 56 36 15 45 21 18 32 52 30 16 19 36 24 27 37 78 50 24 59 69 71 91 20 34 67 59 53 18 69 77 57 21 81 13 19 70 69 6 48 25 46 23 24 24 63 0 69 
17 76 46 37 58 90 61 68 56 74 37 93 46 85 87 41 62 43 87 25 40 79 21 95 97 81 86 59 66 85 100 75 3 62 99 62 84 68 56 21 115 64 49 48 25 75 65 76 110 69 0 
