50 10
20 10 10 60 10 50 100 90 50 10 90 70 70 70 30 50 20 80 50 30 10 60 60 10 60 20 60 20 80 80 50 60 40 90 70 60 70 100 30 50 90 30 80 10 100 100 30 40 40 90 
0 109 41 90 81 76 80 50 41 32 69 111 42 96 75 78 98 102 47 72 97 84 100 41 74 95 107 65 82 59 7 67 113 117 109 133 98 90 91 115 83 110 107 60 52 113 99 80 31 71 100 
109 0 69 23 37 56 76 62 69 77 77 12 69 20 50 44 42 12 62 37 28 50 90 78 36 48 23 55 50 50 104 42 5 31 14 28 11 84 47 7 84 11 15 52 62 9 15 79 85 43 17 
41 69 0 49 40 40 65 10 0 10 56 73 3 56 47 47 68 64 8 33 57 46 88 30 34 57 71 38 55 22 37 27 73 82 69 95 58 77 62 76 72 69 70 26 13 74 61 67 28 31 63 
90 23 49 0 14 33 75 41 49 58 73 32 49 6 47 42 51 25 44 20 13 28 94 65 16 29 38 48 51 34 86 23 26 50 19 52 15 86 52 30 83 20 32 39 40 31 25 78 70 21 28 
81 37 40 14 0 20 79 30 40 50 74 45 39 18 51 47 60 38 36 19 17 17 99 61 13 22 50 49 57 31 77 19 39 62 31 65 28 90 59 44 87 32 45 37 29 45 37 82 64 9 40 
76 56 40 33 20 0 93 30 40 49 87 65 37 36 67 63 79 58 40 35 30 9 114 68 30 20 70 62 73 42 74 31 57 82 48 84 48 105 77 63 100 49 65 49 26 64 57 95 67 20 60 
80 76 65 75 79 93 0 69 65 62 11 69 68 80 28 34 38 64 59 59 88 94 23 40 66 101 58 30 25 51 73 62 81 61 86 84 69 13 30 78 8 85 64 44 73 72 61 3 50 74 59 
50 62 10 41 30 30 69 0 10 20 61 66 9 47 47 46 66 57 11 26 47 36 91 38 25 47 66 40 55 20 47 20 65 78 60 88 51 81 61 68 76 60 64 26 4 67 55 71 37 21 57 
41 69 0 49 40 40 65 10 0 10 56 73 3 56 47 47 68 64 8 33 57 46 88 30 34 57 71 38 55 22 37 27 73 82 69 95 58 77 62 76 72 69 70 26 13 74 61 67 28 31 63 
32 77 10 58 50 49 62 20 10 0 52 79 12 64 48 50 71 70 14 40 66 56 84 24 42 67 76 38 56 28 28 35 81 87 77 101 65 74 64 83 68 78 76 29 23 81 67 64 19 40 69 
69 77 56 73 74 87 11 61 56 52 0 72 59 78 27 33 43 65 50 55 85 89 33 29 61 97 62 25 28 45 62 56 82 66 86 89 68 22 35 80 16 85 67 38 65 74 62 12 39 68 61 
111 12 73 32 45 65 69 66 73 79 72 0 73 30 45 40 33 9 65 40 39 60 81 77 42 58 12 52 44 52 106 47 15 20 25 22 17 76 39 10 76 23 5 52 68 3 12 72 85 50 11 
42 69 3 49 39 37 68 9 3 12 59 73 0 55 49 49 70 64 10 33 56 44 90 33 33 55 72 40 57 24 38 27 73 83 68 95 58 80 64 76 74 69 70 28 11 74 62 70 30 30 64 
96 20 56 6 18 36 80 47 56 64 78 30 55 0 52 46 53 25 50 26 9 30 98 71 22 28 38 53 55 41 92 30 21 49 13 48 15 90 55 26 88 14 31 45 46 29 26 83 76 26 29 
75 50 47 47 51 67 28 47 47 48 27 45 49 52 0 6 23 38 39 32 59 67 48 35 38 73 37 10 8 27 69 35 55 44 59 64 41 39 16 53 36 58 41 21 51 48 35 31 45 47 35 
78 44 47 42 47 63 34 46 47 50 33 40 49 46 6 0 21 32 39 28 54 63 52 40 34 69 31 13 10 26 72 32 49 40 53 59 36 44 15 48 42 52 35 21 49 42 29 37 49 44 29 
98 42 68 51 60 79 38 66 68 71 43 33 70 53 23 21 0 31 60 44 62 77 48 59 49 80 21 33 17 46 92 50 47 23 55 47 39 43 9 43 44 53 28 42 69 36 29 40 69 59 26 
102 12 64 25 38 58 64 57 64 70 65 9 64 25 38 32 31 0 56 31 34 54 78 68 33 53 13 44 38 42 96 38 17 24 24 31 10 72 35 15 71 22 7 43 59 11 3 67 76 42 4 
47 62 8 44 36 40 59 11 8 14 50 65 10 50 39 39 60 56 0 26 52 45 81 28 28 55 63 31 47 14 42 21 66 74 63 87 51 71 54 69 66 63 62 18 15 67 53 61 28 27 55 
72 37 33 20 19 35 59 26 33 40 55 40 33 26 32 28 44 31 26 0 31 35 80 45 6 42 41 30 38 14 67 6 41 52 38 62 25 71 42 43 67 38 38 19 28 41 29 62 50 16 31 
97 28 57 13 17 30 88 47 57 66 85 39 56 9 59 54 62 34 52 31 0 23 106 76 26 19 47 60 64 45 94 33 28 58 18 55 24 98 64 34 96 19 40 50 46 37 35 91 80 26 38 
84 50 46 28 17 9 94 36 46 56 89 60 44 30 67 63 77 54 45 35 23 0 115 72 29 11 66 64 73 44 82 33 51 78 41 78 43 106 76 56 102 42 60 51 33 59 53 97 73 21 56 
100 90 88 94 99 114 23 91 88 84 33 81 90 98 48 52 48 78 81 80 106 115 0 62 86 121 69 52 43 73 93 83 95 68 102 92 85 10 43 91 17 100 77 66 95 84 76 21 71 95 74 
41 78 30 65 61 68 40 38 30 24 29 77 33 71 35 40 59 68 28 45 76 72 62 0 50 82 71 26 42 31 34 43 83 79 83 98 67 52 50 83 45 82 73 27 42 79 65 41 10 53 66 
74 36 34 16 13 30 66 25 34 42 61 42 33 22 38 34 49 33 28 6 26 29 86 50 0 36 43 36 44 19 70 7 40 55 35 63 25 77 47 43 74 36 40 25 26 42 31 69 54 10 34 
95 48 57 29 22 20 101 47 57 67 97 58 55 28 73 69 80 53 55 42 19 11 121 82 36 0 66 71 79 53 93 41 47 77 36 74 43 112 80 53 109 38 60 60 44 57 54 104 83 29 57 
107 23 71 38 50 70 58 66 71 76 62 12 72 38 37 31 21 13 63 41 47 66 69 71 43 66 0 45 34 49 101 47 27 12 36 28 23 64 28 22 65 34 8 48 68 15 13 61 79 53 10 
65 55 38 48 49 62 30 40 38 38 25 52 40 53 10 13 33 44 31 30 60 64 52 26 36 71 45 0 17 21 59 31 60 53 62 72 45 43 26 59 38 61 47 14 43 54 41 33 36 43 41 
82 50 55 51 57 73 25 55 55 56 28 44 57 55 8 10 17 38 47 38 64 73 43 42 44 79 34 17 0 35 76 42 55 39 61 61 43 35 9 53 33 59 39 29 58 47 35 29 52 54 34 
59 50 22 34 31 42 51 20 22 28 45 52 24 41 27 26 46 42 14 14 45 44 73 31 19 53 49 21 35 0 54 12 54 60 52 74 39 63 41 56 59 52 48 7 24 53 40 54 36 24 41 
7 104 37 86 77 74 73 47 37 28 62 106 38 92 69 72 92 96 42 67 94 82 93 34 70 93 101 59 76 54 0 63 108 111 105 127 93 83 84 110 76 105 102 54 49 107 94 73 24 68 95 
67 42 27 23 19 31 62 20 27 35 56 47 27 30 35 32 50 38 21 6 33 33 83 43 7 41 47 31 42 12 63 0 46 59 42 69 31 74 46 49 69 43 44 19 21 47 35 64 47 12 38 
113 5 73 26 39 57 81 65 73 81 82 15 73 21 55 49 47 17 66 41 28 51 95 83 40 47 27 60 55 54 108 46 0 34 11 27 16 89 52 6 88 9 19 56 65 12 20 84 89 46 22 
117 31 82 50 62 82 61 78 82 87 66 20 83 49 44 40 23 24 74 52 58 78 68 79 55 77 12 53 39 60 111 59 34 0 45 24 35 65 32 28 67 43 18 58 80 22 25 64 88 65 22 
109 14 69 19 31 48 86 60 69 77 86 25 68 13 59 53 55 24 63 38 18 41 102 83 35 36 36 62 61 52 105 42 11 45 0 38 17 95 59 18 94 2 28 56 60 23 26 89 88 40 29 
133 28 95 52 65 84 84 88 95 101 89 22 95 48 64 59 47 31 87 62 55 78 92 98 63 74 28 72 61 74 127 69 27 24 38 0 38 89 55 22 91 36 25 74 89 21 34 87 106 71 33 
98 11 58 15 28 48 69 51 58 65 68 17 58 15 41 36 39 10 51 25 24 43 85 67 25 43 23 45 43 39 93 31 16 35 17 38 0 78 42 18 77 16 17 41 51 17 11 72 74 33 14 
90 84 77 86 90 105 13 81 77 74 22 76 80 90 39 44 43 72 71 71 98 106 10 52 77 112 64 43 35 63 83 74 89 65 95 89 78 0 37 86 7 94 71 56 85 79 69 10 61 86 67 
91 47 62 52 59 77 30 61 62 64 35 39 64 55 16 15 9 35 54 42 64 76 43 50 47 80 28 26 9 41 84 46 52 32 59 55 42 37 0 49 37 57 34 36 64 42 32 33 61 57 30 
115 7 76 30 44 63 78 68 76 83 80 10 76 26 53 48 43 15 69 43 34 56 91 83 43 53 22 59 53 56 110 49 6 28 18 22 18 86 49 0 86 16 15 57 69 7 18 81 90 50 19 
83 84 72 83 87 100 8 76 72 68 16 76 74 88 36 42 44 71 66 67 96 102 17 45 74 109 65 38 33 59 76 69 88 67 94 91 77 7 37 86 0 92 71 52 80 79 68 5 54 81 67 
110 11 69 20 32 49 85 60 69 78 85 23 69 14 58 52 53 22 63 38 19 42 100 82 36 38 34 61 59 52 105 43 9 43 2 36 16 94 57 16 92 0 26 56 60 21 25 88 88 40 27 
107 15 70 32 45 65 64 64 70 76 67 5 70 31 41 35 28 7 62 38 40 60 77 73 40 60 8 47 39 48 102 44 19 18 28 25 17 71 34 15 71 26 0 48 65 8 9 67 81 49 7 
60 52 26 39 37 49 44 26 26 29 38 52 28 45 21 21 42 43 18 19 50 51 66 27 25 60 48 14 29 7 54 19 56 58 56 74 41 56 36 57 52 56 48 0 30 54 40 47 33 31 41 
52 62 13 40 29 26 73 4 13 23 65 68 11 46 51 49 69 59 15 28 46 33 95 42 26 44 68 43 58 24 49 21 65 80 60 89 51 85 64 69 80 60 65 30 0 68 56 75 41 20 59 
113 9 74 31 45 64 72 67 74 81 74 3 74 29 48 42 36 11 67 41 37 59 84 79 42 57 15 54 47 53 107 47 12 22 23 21 17 79 42 7 79 21 8 54 68 0 14 75 87 50 14 
99 15 61 25 37 57 61 55 61 67 62 12 62 26 35 29 29 3 53 29 35 53 76 65 31 54 13 41 35 40 94 35 20 25 26 34 11 69 32 18 68 25 9 40 56 14 0 64 73 40 3 
80 79 67 78 82 95 3 71 67 64 12 72 70 83 31 37 40 67 61 62 91 97 21 41 69 104 61 33 29 54 73 64 84 64 89 87 72 10 33 81 5 88 67 47 75 75 64 0 51 76 63 
31 85 28 70 64 67 50 37 28 19 39 85 30 76 45 49 69 76 28 50 80 73 71 10 54 83 79 36 52 36 24 47 89 88 88 106 74 61 61 90 54 88 81 33 41 87 73 51 0 55 74 
71 43 31 21 9 20 74 21 31 40 68 50 30 26 47 44 59 42 27 16 26 21 95 53 10 29 53 43 54 24 68 12 46 65 40 71 33 86 57 50 81 40 49 31 20 50 40 76 55 0 43 
100 17 63 28 40 60 59 57 63 69 61 11 64 29 35 29 26 4 55 31 38 56 74 66 34 57 10 41 34 41 95 38 22 22 29 33 14 67 30 19 67 27 7 41 59 14 3 63 74 43 0 
